
0
[[0.0, -1.457990220064754e-12, -2.2898007842769645e-13, 4.620107525277624e-11, -1.7521481289918844e-10, -1.8366976965696096e-15, 8.529440604118815e-16, 2.2942330256117977e-05, -2.006265829279665e-06, -1.597928341587757e-08, 9.982140340891233e-10], [0.0, -1.457990220064754e-12, -2.2898007842769645e-13, 4.620107525277624e-11, -1.7521481289918844e-10, -1.8366976965696096e-15, 8.529440604118815e-16, 2.2942330256117977e-05, -2.0472100298772093e-06, -1.597928341587757e-08, 9.982140340891233e-10], [0.0, -1.457990220064754e-12, -2.2898007842769645e-13, 4.620107525277624e-11, -1.7521481289918844e-10, -1.8366976965696096e-15, 8.358851792036439e-16, 2.2942330256117977e-05, -2.0472100298772093e-06, -1.597928341587757e-08, 9.982140340891233e-10], [0.0, -1.457990220064754e-12, -2.404290823490813e-13, 4.620107525277624e-11, -1.7521481289918844e-10, -1.8366976965696096e-15, 8.529440604118815e-16, 2.2942330256117977e-05, -2.0472100298772093e-06, -1.597928341587757e-08, 9.982140340891233e-10]]
1
[[0.0, -1.457990220064754e-12, -2.2898007842769645e-13, 4.620107525277624e-11, -1.7521481289918844e-10, -1.8366976965696096e-15, 8.358851792036439e-16, 2.2942330256117977e-05, -2.006265829279665e-06, -1.597928341587757e-08, 9.982140340891233e-10], [0.0, -1.457990220064754e-12, -2.2898007842769645e-13, 4.620107525277624e-11, -1.7521481289918844e-10, -1.8366976965696096e-15, 8.358851792036439e-16, 2.2942330256117977e-05, -2.0472100298772093e-06, -1.597928341587757e-08, 8.684462096575372e-10], [0.0, -1.457990220064754e-12, -2.2898007842769645e-13, 4.620107525277624e-11, -1.7521481289918844e-10, -1.8366976965696096e-15, 8.358851792036439e-16, 2.2942330256117977e-05, -2.0472100298772093e-06, -1.597928341587757e-08, 9.982140340891233e-10], [0.0, -1.457990220064754e-12, -2.2898007842769645e-13, 4.620107525277624e-11, -1.7521481289918844e-10, -1.8366976965696096e-15, 8.358851792036439e-16, 2.2942330256117977e-05, -2.1905147319686137e-06, -1.597928341587757e-08, 9.982140340891233e-10]]
2
[[0.0, -1.457990220064754e-12, -2.2898007842769645e-13, 4.620107525277624e-11, -1.7521481289918844e-10, -1.8366976965696096e-15, 8.358851792036439e-16, 2.2942330256117977e-05, -2.006265829279665e-06, -1.597928341587757e-08, 9.982140340891233e-10], [0.0, -1.457990220064754e-12, -2.472984847019122e-13, 4.620107525277624e-11, -1.7521481289918844e-10, -1.8366976965696096e-15, 8.358851792036439e-16, 2.2942330256117977e-05, -2.1905147319686137e-06, -1.597928341587757e-08, 9.982140340891233e-10], [0.0, -1.457990220064754e-12, -2.2898007842769645e-13, 4.620107525277624e-11, -1.7521481289918844e-10, -2.0020004892608745e-15, 8.358851792036439e-16, 2.2942330256117977e-05, -2.1905147319686137e-06, -1.597928341587757e-08, 9.982140340891233e-10], [0.0, -1.457990220064754e-12, -2.2898007842769645e-13, 4.620107525277624e-11, -1.7521481289918844e-10, -1.8366976965696096e-15, 8.358851792036439e-16, 2.2942330256117977e-05, -1.944849528383349e-06, -1.597928341587757e-08, 9.982140340891233e-10]]
0
[[2.0529095771542565, -1.0185879719095537e-12, -2.011425263720169e-13, 3.010024710401402e-11, -3.213759003805551e-10, -1.92920221995791e-15, 1.4680130248806158e-15, 4.3492021162619755e-05, -3.0132775343648777e-06, -2.0444955756725323e-08, 6.256676936060606e-10], [-8.503718479360352, -2.1662529334260002e-12, -1.0259497492035557e-14, 3.998411217602317e-11, -2.2308438526269608e-10, -1.7211902858463594e-15, 7.143389875004438e-16, 1.7503059140127252e-05, -3.5003467977022373e-06, -1.1655061190963562e-09, 6.632083419590872e-10], [2.0529095771542565, -1.0185879719095537e-12, -2.011425263720169e-13, 3.07022520460943e-11, -3.213759003805551e-10, -1.92920221995791e-15, 1.4680130248806158e-15, 7.577785059307353e-06, -1.6514756280431566e-06, -2.146849613715685e-09, 5.467647850856732e-10], [-0.7511122907731291, -8.739907583765651e-13, -6.414227466266116e-14, 2.429097633513259e-11, -1.8698588385346366e-10, -2.1086913458400044e-15, 5.426626953092483e-16, 1.7503059140127252e-05, -3.5003467977022373e-06, -1.1655061190963562e-09, 6.438915941350362e-10], [2.0529095771542565, -1.0185879719095537e-12, -2.011425263720169e-13, 3.010024710401402e-11, -3.213759003805551e-10, -1.1983615791210105e-15, 6.911427564274306e-16, 2.6665147168694487e-05, -2.103762850444722e-06, -2.782342507744065e-08, 4.731483724009452e-10], [-9.688233674176853, -2.489257004546516e-12, -2.932541859803433e-13, 3.6437525606347e-11, -1.7826369978894673e-10, -1.92920221995791e-15, 1.4680130248806158e-15, 1.7503059140127252e-05, -3.2553225218630807e-06, -1.1655061190963562e-09, 6.438915941350362e-10], [-0.7511122907731291, -8.739907583765651e-13, -5.994605108659922e-14, 2.429097633513259e-11, -1.8698588385346366e-10, -2.1086913458400044e-15, 5.426626953092483e-16, 7.577785059307353e-06, -1.717534653164883e-06, -2.146849613715685e-09, 5.467647850856732e-10], [-0.7511122907731291, -8.739907583765651e-13, -5.994605108659922e-14, 2.429097633513259e-11, -1.8698588385346366e-10, -2.1086913458400044e-15, 5.426626953092483e-16, 7.577785059307353e-06, -1.6514756280431566e-06, -2.146849613715685e-09, 5.631677286382433e-10], [-2.3284440749466513, -1.6554300750673742e-12, -2.8662364246357363e-13, 6.180765264857948e-14, -4.215511540529902e-11, -2.436033570805438e-15, 7.735763444463427e-16, 1.5506380816355613e-05, -8.282418055666871e-07, -8.058997922558639e-09, 1.4962755765423363e-09], [5.623866657730307, -1.1541796938662797e-12, -1.6244674868220826e-14, 2.0079800106073785e-11, -4.174064866106431e-12, -3.4607831309831795e-15, 9.030270730196287e-16, 1.8530987260943025e-05, -2.8247464875743934e-06, -2.8846719027918494e-08, 3.2389659139168e-10]]
1
[[-0.7511122907731291, -8.739907583765651e-13, -5.994605108659922e-14, 2.429097633513259e-11, -1.8698588385346366e-10, -2.1086913458400044e-15, 5.426626953092483e-16, 7.577785059307353e-06, -1.8721127719497222e-06, -2.146849613715685e-09, 6.438915941350362e-10], [-0.7511122907731291, -8.739907583765651e-13, -6.414227466266116e-14, 2.429097633513259e-11, -1.8698588385346366e-10, -2.1086913458400044e-15, 5.426626953092483e-16, 1.8553242688534887e-05, -3.5003467977022373e-06, -1.1655061190963562e-09, 5.467647850856732e-10], [-9.688233674176853, -1.0185879719095537e-12, -2.011425263720169e-13, 3.010024710401402e-11, -3.5029973141480507e-10, -1.1983615791210105e-15, 6.911427564274306e-16, 2.6665147168694487e-05, -2.103762850444722e-06, -2.782342507744065e-08, 4.731483724009452e-10], [2.0529095771542565, -2.489257004546516e-12, -2.9911926969995016e-13, 3.6437525606347e-11, -1.7826369978894673e-10, -1.92920221995791e-15, 1.4680130248806158e-15, 1.7503059140127252e-05, -3.2553225218630807e-06, -1.1655061190963562e-09, 6.438915941350362e-10], [2.0529095771542565, -1.0185879719095537e-12, -2.011425263720169e-13, 3.010024710401402e-11, -3.374446953995829e-10, -1.92920221995791e-15, 1.4680130248806158e-15, 4.3492021162619755e-05, -3.0132775343648777e-06, -2.0444955756725323e-08, 6.256676936060606e-10], [2.0529095771542565, -1.0185879719095537e-12, -2.011425263720169e-13, 3.07022520460943e-11, -3.213759003805551e-10, -1.92920221995791e-15, 1.3358918526413603e-15, 7.577785059307353e-06, -1.6514756280431566e-06, -2.146849613715685e-09, 5.467647850856732e-10], [-0.8262235198504421, -8.739907583765651e-13, -6.414227466266116e-14, 2.429097633513259e-11, -1.8698588385346366e-10, -2.1086913458400044e-15, 5.426626953092483e-16, 7.577785059307353e-06, -1.6514756280431566e-06, -2.146849613715685e-09, 5.631677286382433e-10], [-0.7511122907731291, -9.351701114629245e-13, -5.994605108659922e-14, 2.429097633513259e-11, -1.8698588385346366e-10, -2.1086913458400044e-15, 5.426626953092483e-16, 1.7503059140127252e-05, -3.5003467977022373e-06, -1.1655061190963562e-09, 6.438915941350362e-10], [-2.3284440749466513, -1.6554300750673742e-12, -2.8662364246357363e-13, 2.429097633513259e-11, -1.8698588385346366e-10, -1.961082951631204e-15, 5.426626953092483e-16, 7.577785059307353e-06, -1.6514756280431566e-06, -2.146849613715685e-09, 5.631677286382433e-10], [-0.7511122907731291, -8.739907583765651e-13, -5.994605108659922e-14, 6.304380570155107e-14, -4.215511540529902e-11, -2.436033570805438e-15, 7.735763444463427e-16, 1.5506380816355613e-05, -8.282418055666871e-07, -8.058997922558639e-09, 1.4962755765423363e-09]]
2
[[-0.8262235198504421, -8.739907583765651e-13, -6.414227466266116e-14, 2.429097633513259e-11, -1.8698588385346366e-10, -2.1086913458400044e-15, 5.426626953092483e-16, 7.577785059307353e-06, -1.5028428215192725e-06, -2.146849613715685e-09, 5.631677286382433e-10], [-2.3284440749466513, -1.6388757743167005e-12, -2.8662364246357363e-13, 2.429097633513259e-11, -1.8698588385346366e-10, -1.961082951631204e-15, 5.426626953092483e-16, 7.577785059307353e-06, -1.6514756280431566e-06, -2.146849613715685e-09, 5.631677286382433e-10], [-2.3284440749466513, -1.6554300750673742e-12, -2.694262239157592e-13, 2.429097633513259e-11, -1.8698588385346366e-10, -1.961082951631204e-15, 5.426626953092483e-16, 7.577785059307353e-06, -1.6514756280431566e-06, -2.146849613715685e-09, 5.631677286382433e-10], [-2.3284440749466513, -1.6554300750673742e-12, -2.8662364246357363e-13, 2.429097633513259e-11, -1.8698588385346366e-10, -1.961082951631204e-15, 5.426626953092483e-16, 7.577785059307353e-06, -1.6514756280431566e-06, -2.146849613715685e-09, 5.744310832110082e-10], [2.0529095771542565, -1.0185879719095537e-12, -2.011425263720169e-13, 3.07022520460943e-11, -3.213759003805551e-10, -1.92920221995791e-15, 1.3358918526413603e-15, 7.577785059307353e-06, -3.5003467977022373e-06, -1.0722656295686477e-09, 5.467647850856732e-10], [-0.7511122907731291, -8.739907583765651e-13, -6.414227466266116e-14, 2.429097633513259e-11, -1.8698588385346366e-10, -2.2141259131320045e-15, 5.426626953092483e-16, 1.8553242688534887e-05, -1.6514756280431566e-06, -2.146849613715685e-09, 5.467647850856732e-10], [-0.7511122907731291, -2.489257004546516e-12, -2.9911926969995016e-13, 3.6437525606347e-11, -1.7826369978894673e-10, -1.92920221995791e-15, 1.4680130248806158e-15, 1.7503059140127252e-05, -3.2553225218630807e-06, -1.1655061190963562e-09, 6.503305100763866e-10], [2.0529095771542565, -8.739907583765651e-13, -5.994605108659922e-14, 2.429097633513259e-11, -1.8698588385346366e-10, -2.1086913458400044e-15, 5.426626953092483e-16, 7.502007208714279e-06, -1.8721127719497222e-06, -2.146849613715685e-09, 6.438915941350362e-10], [-2.3284440749466513, -1.6554300750673742e-12, -2.8662364246357363e-13, 2.429097633513259e-11, -1.8698588385346366e-10, -2.039526269696452e-15, 5.426626953092483e-16, 7.577785059307353e-06, -1.6514756280431566e-06, -2.146849613715685e-09, 6.256676936060606e-10], [2.114496864468884, -1.0185879719095537e-12, -2.011425263720169e-13, 3.010024710401402e-11, -3.374446953995829e-10, -1.92920221995791e-15, 1.4680130248806158e-15, 4.3492021162619755e-05, -3.0132775343648777e-06, -2.0444955756725323e-08, 5.631677286382433e-10]]
3
[[-2.3284440749466513, -1.6554300750673742e-12, -2.8662364246357363e-13, 2.429097633513259e-11, -1.8698588385346366e-10, -1.961082951631204e-15, 5.426626953092483e-16, 7.577785059307353e-06, -1.6514756280431566e-06, -2.146849613715685e-09, 5.631677286382433e-10], [-2.3284440749466513, -1.6388757743167005e-12, -2.8662364246357363e-13, 2.307642751837596e-11, -1.8698588385346366e-10, -1.961082951631204e-15, 5.426626953092483e-16, 7.577785059307353e-06, -1.6514756280431566e-06, -2.146849613715685e-09, 5.744310832110082e-10], [-0.7511122907731291, -8.739907583765651e-13, -6.414227466266116e-14, 2.429097633513259e-11, -1.8698588385346366e-10, -2.2141259131320045e-15, 5.263828144499708e-16, 1.8553242688534887e-05, -3.0132775343648777e-06, -2.0444955756725323e-08, 5.631677286382433e-10], [2.114496864468884, -1.0185879719095537e-12, -2.011425263720169e-13, 3.010024710401402e-11, -3.374446953995829e-10, -1.8327421089600146e-15, 1.4680130248806158e-15, 4.3492021162619755e-05, -1.6514756280431566e-06, -2.146849613715685e-09, 5.467647850856732e-10], [2.114496864468884, -1.0185879719095537e-12, -2.011425263720169e-13, 3.010024710401402e-11, -3.6781471798554537e-10, -1.92920221995791e-15, 1.4680130248806158e-15, 4.3492021162619755e-05, -3.0132775343648777e-06, -2.146849613715685e-09, 6.256676936060606e-10], [-2.3284440749466513, -1.6554300750673742e-12, -2.8662364246357363e-13, 2.429097633513259e-11, -1.8698588385346366e-10, -2.2230836339691327e-15, 5.426626953092483e-16, 7.577785059307353e-06, -1.6514756280431566e-06, -2.0444955756725323e-08, 5.631677286382433e-10], [2.0529095771542565, -8.739907583765651e-13, -5.994605108659922e-14, 2.429097633513259e-11, -1.8698588385346366e-10, -2.1086913458400044e-15, 5.426626953092483e-16, 7.577785059307353e-06, -1.5028428215192725e-06, -2.146849613715685e-09, 5.85694437783773e-10], [-0.8262235198504421, -8.739907583765651e-13, -6.414227466266116e-14, 2.429097633513259e-11, -1.8698588385346366e-10, -2.1086913458400044e-15, 5.426626953092483e-16, 7.502007208714279e-06, -1.759786005632739e-06, -2.146849613715685e-09, 6.438915941350362e-10], [-2.3284440749466513, -1.6554300750673742e-12, -2.8662364246357363e-13, 2.429097633513259e-11, -1.8698588385346366e-10, -1.961082951631204e-15, 5.426626953092483e-16, 7.577785059307353e-06, -1.6514756280431566e-06, -2.146849613715685e-09, 5.744310832110082e-10], [-2.3284440749466513, -1.6554300750673742e-12, -2.8662364246357363e-13, 2.307642751837596e-11, -1.8698588385346366e-10, -1.961082951631204e-15, 5.426626953092483e-16, 7.577785059307353e-06, -1.6514756280431566e-06, -2.146849613715685e-09, 5.744310832110082e-10]]
4
[[-2.3284440749466513, -1.0185879719095537e-12, -2.011425263720169e-13, 3.010024710401402e-11, -3.374446953995829e-10, -1.8327421089600146e-15, 1.4680130248806158e-15, 4.3492021162619755e-05, -1.6514756280431566e-06, -2.168318109852842e-09, 5.467647850856732e-10], [2.114496864468884, -1.6388757743167005e-12, -2.8662364246357363e-13, 2.307642751837596e-11, -1.8698588385346366e-10, -1.961082951631204e-15, 5.426626953092483e-16, 7.577785059307353e-06, -1.6514756280431566e-06, -2.146849613715685e-09, 5.859197048752284e-10], [-2.3284440749466513, -1.6554300750673742e-12, -2.8662364246357363e-13, 2.307642751837596e-11, -1.8698588385346366e-10, -1.961082951631204e-15, 5.426626953092483e-16, 7.577785059307353e-06, -1.6514756280431566e-06, -2.0444955756725323e-08, 5.631677286382433e-10], [-2.3284440749466513, -1.6554300750673742e-12, -2.8662364246357363e-13, 2.6234254441943198e-11, -1.8698588385346366e-10, -2.2230836339691327e-15, 5.426626953092483e-16, 7.577785059307353e-06, -1.6514756280431566e-06, -2.146849613715685e-09, 5.744310832110082e-10], [2.0529095771542565, -8.739907583765651e-13, -5.874713006486724e-14, 2.429097633513259e-11, -1.8698588385346366e-10, -2.1086913458400044e-15, 5.426626953092483e-16, 7.577785059307353e-06, -1.5028428215192725e-06, -2.146849613715685e-09, 5.85694437783773e-10], [2.0529095771542565, -8.739907583765651e-13, -5.994605108659922e-14, 2.429097633513259e-11, -1.8698588385346366e-10, -2.1086913458400044e-15, 5.426626953092483e-16, 7.577785059307353e-06, -1.4427291086585017e-06, -2.146849613715685e-09, 5.85694437783773e-10], [-2.3284440749466513, -1.6388757743167005e-12, -2.8662364246357363e-13, 2.307642751837596e-11, -1.8698588385346366e-10, -2.1375804172780124e-15, 5.426626953092483e-16, 7.577785059307353e-06, -1.6514756280431566e-06, -2.146849613715685e-09, 5.744310832110082e-10], [-2.3284440749466513, -1.6388757743167005e-12, -2.8662364246357363e-13, 2.307642751837596e-11, -1.8698588385346366e-10, -1.961082951631204e-15, 5.426626953092483e-16, 7.577785059307353e-06, -1.6514756280431566e-06, -2.146849613715685e-09, 5.744310832110082e-10], [-2.3284440749466513, -1.6554300750673742e-12, -2.8662364246357363e-13, 2.429097633513259e-11, -1.8137630733785974e-10, -1.961082951631204e-15, 5.426626953092483e-16, 7.577785059307353e-06, -1.6514756280431566e-06, -2.146849613715685e-09, 5.744310832110082e-10], [-2.3284440749466513, -1.6388757743167005e-12, -2.8662364246357363e-13, 2.307642751837596e-11, -1.8698588385346366e-10, -1.961082951631204e-15, 5.426626953092483e-16, 7.577785059307353e-06, -1.6514756280431566e-06, -2.146849613715685e-09, 6.138528242156852e-10]]
5
[[2.1779317704029504, -1.6388757743167005e-12, -2.8662364246357363e-13, 2.307642751837596e-11, -1.8698588385346366e-10, -1.961082951631204e-15, 5.426626953092483e-16, 7.577785059307353e-06, -1.6514756280431566e-06, -2.146849613715685e-09, 5.85694437783773e-10], [2.0529095771542565, -8.477710356252681e-13, -5.994605108659922e-14, 2.429097633513259e-11, -1.8698588385346366e-10, -2.1086913458400044e-15, 5.426626953092483e-16, 7.577785059307353e-06, -1.4427291086585017e-06, -2.146849613715685e-09, 5.859197048752284e-10], [-2.3284440749466513, -1.6388757743167005e-12, -2.8662364246357363e-13, 2.307642751837596e-11, -1.8698588385346366e-10, -1.961082951631204e-15, 5.860757109339882e-16, 7.577785059307353e-06, -1.6514756280431566e-06, -2.146849613715685e-09, 6.138528242156852e-10], [-2.3284440749466513, -1.6388757743167005e-12, -2.8662364246357363e-13, 2.307642751837596e-11, -1.8698588385346366e-10, -2.1375804172780124e-15, 5.101029335906934e-16, 7.577785059307353e-06, -1.6514756280431566e-06, -2.146849613715685e-09, 5.744310832110082e-10], [2.114496864468884, -1.5897095010871995e-12, -2.8662364246357363e-13, 2.307642751837596e-11, -1.8698588385346366e-10, -1.961082951631204e-15, 5.426626953092483e-16, 7.577785059307353e-06, -1.6514756280431566e-06, -2.146849613715685e-09, 5.744310832110082e-10], [-2.3284440749466513, -1.6554300750673742e-12, -2.8662364246357363e-13, 2.429097633513259e-11, -1.8137630733785974e-10, -1.961082951631204e-15, 5.426626953092483e-16, 7.047340105155838e-06, -1.6514756280431566e-06, -2.146849613715685e-09, 5.859197048752284e-10], [-2.3284440749466513, -1.6554300750673742e-12, -2.8662364246357363e-13, 2.6234254441943198e-11, -1.8698588385346366e-10, -2.2230836339691327e-15, 5.426626953092483e-16, 7.577785059307353e-06, -1.750564165725746e-06, -2.146849613715685e-09, 5.85694437783773e-10], [2.0529095771542565, -8.739907583765651e-13, -5.874713006486724e-14, 2.3319337281727285e-11, -1.8698588385346366e-10, -2.1086913458400044e-15, 5.426626953092483e-16, 7.577785059307353e-06, -1.5028428215192725e-06, -2.146849613715685e-09, 5.744310832110082e-10], [-2.3051596341971847, -1.6388757743167005e-12, -2.8662364246357363e-13, 2.307642751837596e-11, -1.8698588385346366e-10, -1.961082951631204e-15, 5.426626953092483e-16, 7.577785059307353e-06, -1.6514756280431566e-06, -2.146849613715685e-09, 6.138528242156852e-10], [-2.3284440749466513, -1.6388757743167005e-12, -2.8662364246357363e-13, 2.2153370417640922e-11, -1.8698588385346366e-10, -1.961082951631204e-15, 5.426626953092483e-16, 7.577785059307353e-06, -1.6514756280431566e-06, -2.146849613715685e-09, 6.138528242156852e-10]]
6
[[-2.3051596341971847, -1.7699858362620366e-12, -2.8662364246357363e-13, 2.2153370417640922e-11, -1.8698588385346366e-10, -1.961082951631204e-15, 5.426626953092483e-16, 7.577785059307353e-06, -1.6514756280431566e-06, -2.146849613715685e-09, 6.138528242156852e-10], [-2.3284440749466513, -1.6388757743167005e-12, -2.8662364246357363e-13, 2.307642751837596e-11, -1.8698588385346366e-10, -1.843417974533332e-15, 5.426626953092483e-16, 7.577785059307353e-06, -1.6514756280431566e-06, -2.146849613715685e-09, 6.138528242156852e-10], [-2.3051596341971847, -1.6388757743167005e-12, -2.8662364246357363e-13, 2.307642751837596e-11, -1.8698588385346366e-10, -1.882639633565956e-15, 5.426626953092483e-16, 7.577785059307353e-06, -1.6514756280431566e-06, -2.146849613715685e-09, 6.138528242156852e-10], [-2.3051596341971847, -1.4913769546281974e-12, -2.8662364246357363e-13, 2.307642751837596e-11, -1.8698588385346366e-10, -1.961082951631204e-15, 5.426626953092483e-16, 7.577785059307353e-06, -1.6514756280431566e-06, -2.146849613715685e-09, 6.138528242156852e-10], [-2.3284440749466513, -1.6388757743167005e-12, -2.8662364246357363e-13, 2.2153370417640922e-11, -1.8698588385346366e-10, -2.039526269696452e-15, 5.426626953092483e-16, 7.577785059307353e-06, -1.5028428215192725e-06, -2.146849613715685e-09, 5.744310832110082e-10], [2.0529095771542565, -8.739907583765651e-13, -5.874713006486724e-14, 2.3319337281727285e-11, -1.8698588385346366e-10, -2.1086913458400044e-15, 5.426626953092483e-16, 7.577785059307353e-06, -1.5523870903605672e-06, -2.146849613715685e-09, 6.138528242156852e-10], [2.0529095771542565, -8.477710356252681e-13, -5.994605108659922e-14, 2.429097633513259e-11, -1.8698588385346366e-10, -2.1086913458400044e-15, 5.426626953092483e-16, 7.577785059307353e-06, -1.3994472353987467e-06, -2.146849613715685e-09, 5.859197048752284e-10], [2.0529095771542565, -8.739907583765651e-13, -5.992207266616459e-14, 2.3319337281727285e-11, -1.8698588385346366e-10, -2.1086913458400044e-15, 5.426626953092483e-16, 7.577785059307353e-06, -1.5028428215192725e-06, -2.146849613715685e-09, 5.744310832110082e-10], [2.0529095771542565, -8.477710356252681e-13, -5.994605108659922e-14, 2.429097633513259e-11, -1.944653192076022e-10, -2.1086913458400044e-15, 5.426626953092483e-16, 7.577785059307353e-06, -1.6514756280431566e-06, -2.146849613715685e-09, 6.138528242156852e-10], [-2.3051596341971847, -1.6388757743167005e-12, -2.8662364246357363e-13, 2.307642751837596e-11, -1.8698588385346366e-10, -1.961082951631204e-15, 5.426626953092483e-16, 7.577785059307353e-06, -1.4427291086585017e-06, -2.146849613715685e-09, 6.210748871677421e-10]]
7
[[2.0529095771542565, -8.477710356252681e-13, -2.8662364246357363e-13, 2.4368707459405015e-11, -1.8698588385346366e-10, -1.961082951631204e-15, 5.426626953092483e-16, 7.577785059307353e-06, -1.6514756280431566e-06, -2.146849613715685e-09, 6.138528242156852e-10], [-2.3051596341971847, -1.7699858362620366e-12, -5.994605108659922e-14, 2.429097633513259e-11, -1.8698588385346366e-10, -2.1297782592984045e-15, 5.426626953092483e-16, 7.577785059307353e-06, -1.3994472353987467e-06, -2.146849613715685e-09, 5.859197048752284e-10], [-2.3051596341971847, -1.6388757743167005e-12, -2.8662364246357363e-13, 2.307642751837596e-11, -1.8698588385346366e-10, -1.843417974533332e-15, 5.426626953092483e-16, 7.577785059307353e-06, -1.4427291086585017e-06, -2.146849613715685e-09, 6.210748871677421e-10], [-2.3743144232231, -1.6388757743167005e-12, -2.8662364246357363e-13, 2.307642751837596e-11, -1.8698588385346366e-10, -1.961082951631204e-15, 5.426626953092483e-16, 7.577785059307353e-06, -1.6514756280431566e-06, -2.146849613715685e-09, 6.138528242156852e-10], [2.0529095771542565, -8.739907583765651e-13, -5.992207266616459e-14, 2.3319337281727285e-11, -1.8698588385346366e-10, -2.1719520862152045e-15, 5.426626953092483e-16, 7.577785059307353e-06, -1.5028428215192725e-06, -2.146849613715685e-09, 5.744310832110082e-10], [2.0529095771542565, -8.739907583765651e-13, -5.992207266616459e-14, 2.3319337281727285e-11, -1.8698588385346366e-10, -2.1086913458400044e-15, 5.426626953092483e-16, 7.577785059307353e-06, -1.5028428215192725e-06, -2.275660590538626e-09, 5.744310832110082e-10], [-2.3051596341971847, -1.6388757743167005e-12, -2.9522235173748083e-13, 2.307642751837596e-11, -1.8698588385346366e-10, -1.882639633565956e-15, 5.426626953092483e-16, 7.577785059307353e-06, -1.5028428215192725e-06, -2.146849613715685e-09, 5.744310832110082e-10], [2.0529095771542565, -8.739907583765651e-13, -5.992207266616459e-14, 2.3319337281727285e-11, -1.8698588385346366e-10, -2.1086913458400044e-15, 5.806490839808957e-16, 7.577785059307353e-06, -1.6514756280431566e-06, -2.146849613715685e-09, 6.138528242156852e-10], [2.0529095771542565, -8.739907583765651e-13, -5.639724486227255e-14, 2.3319337281727285e-11, -1.8698588385346366e-10, -2.1086913458400044e-15, 5.426626953092483e-16, 7.577785059307353e-06, -1.5523870903605672e-06, -2.146849613715685e-09, 6.138528242156852e-10], [2.0529095771542565, -8.739907583765651e-13, -5.874713006486724e-14, 2.3319337281727285e-11, -2.0381461340027537e-10, -2.1086913458400044e-15, 5.426626953092483e-16, 7.577785059307353e-06, -1.5523870903605672e-06, -2.146849613715685e-09, 6.138528242156852e-10]]
8
[[2.0529095771542565, -8.215513128739712e-13, -5.992207266616459e-14, 2.3319337281727285e-11, -1.8698588385346366e-10, -2.1086913458400044e-15, 5.426626953092483e-16, 7.577785059307353e-06, -1.5028428215192725e-06, -2.146849613715685e-09, 6.138528242156852e-10], [2.0529095771542565, -8.739907583765651e-13, -5.5269299965027096e-14, 2.3319337281727285e-11, -1.8698588385346366e-10, -2.1086913458400044e-15, 5.426626953092483e-16, 7.577785059307353e-06, -1.5523870903605672e-06, -2.275660590538626e-09, 5.744310832110082e-10], [2.135025960240427, -8.739907583765651e-13, -5.874713006486724e-14, 2.3319337281727285e-11, -2.0381461340027537e-10, -2.1086913458400044e-15, 5.426626953092483e-16, 7.577785059307353e-06, -1.5523870903605672e-06, -2.146849613715685e-09, 6.138528242156852e-10], [2.0529095771542565, -8.739907583765651e-13, -5.874713006486724e-14, 2.3319337281727285e-11, -2.0585275953427812e-10, -2.1086913458400044e-15, 5.426626953092483e-16, 7.577785059307353e-06, -1.5523870903605672e-06, -2.146849613715685e-09, 6.138528242156852e-10], [2.0529095771542565, -8.739907583765651e-13, -5.874713006486724e-14, 2.3319337281727285e-11, -2.0381461340027537e-10, -2.1086913458400044e-15, 5.426626953092483e-16, 7.577785059307353e-06, -1.5523870903605672e-06, -2.2112551021271555e-09, 6.138528242156852e-10], [2.0118513856111715, -8.739907583765651e-13, -5.639724486227255e-14, 2.3319337281727285e-11, -1.8698588385346366e-10, -2.1086913458400044e-15, 5.426626953092483e-16, 7.577785059307353e-06, -1.5523870903605672e-06, -2.146849613715685e-09, 6.138528242156852e-10], [2.0529095771542565, -8.739907583765651e-13, -5.992207266616459e-14, 2.2852950536092738e-11, -2.0381461340027537e-10, -2.1086913458400044e-15, 5.426626953092483e-16, 7.577785059307353e-06, -1.5523870903605672e-06, -2.146849613715685e-09, 6.138528242156852e-10], [2.0529095771542565, -8.739907583765651e-13, -5.874713006486724e-14, 2.3319337281727285e-11, -1.8698588385346366e-10, -2.1719520862152045e-15, 5.426626953092483e-16, 7.577785059307353e-06, -1.5028428215192725e-06, -2.3185975828129396e-09, 5.744310832110082e-10], [-2.535675597616903, -1.6388757743167005e-12, -2.9522235173748083e-13, 2.307642751837596e-11, -1.8698588385346366e-10, -1.882639633565956e-15, 5.426626953092483e-16, 7.577785059307353e-06, -1.5523870903605672e-06, -2.146849613715685e-09, 6.138528242156852e-10], [2.0529095771542565, -8.739907583765651e-13, -5.933460136551591e-14, 2.3319337281727285e-11, -2.0381461340027537e-10, -2.1086913458400044e-15, 5.426626953092483e-16, 7.577785059307353e-06, -1.5028428215192725e-06, -2.146849613715685e-09, 5.744310832110082e-10]]
9
[[2.0118513856111715, -8.739907583765651e-13, -5.639724486227255e-14, 2.3319337281727285e-11, -1.8698588385346366e-10, -1.882639633565956e-15, 5.426626953092483e-16, 7.577785059307353e-06, -1.5523870903605672e-06, -2.146849613715685e-09, 6.6296105015294e-10], [-2.535675597616903, -1.6388757743167005e-12, -2.9522235173748083e-13, 2.307642751837596e-11, -1.8698588385346366e-10, -2.1086913458400044e-15, 5.426626953092483e-16, 8.335563565238088e-06, -1.5523870903605672e-06, -2.146849613715685e-09, 6.138528242156852e-10], [2.0529095771542565, -8.215513128739712e-13, -5.992207266616459e-14, 2.3319337281727285e-11, -1.8698588385346366e-10, -2.0665175189232044e-15, 5.426626953092483e-16, 7.577785059307353e-06, -1.5028428215192725e-06, -2.146849613715685e-09, 6.138528242156852e-10], [2.0529095771542565, -8.215513128739712e-13, -5.992207266616459e-14, 2.3319337281727285e-11, -1.8698588385346366e-10, -2.1086913458400044e-15, 5.426626953092483e-16, 7.577785059307353e-06, -1.5028428215192725e-06, -2.146849613715685e-09, 6.138528242156852e-10], [2.0529095771542565, -9.439100190466902e-13, -5.874713006486724e-14, 2.3319337281727285e-11, -2.0585275953427812e-10, -2.1086913458400044e-15, 5.426626953092483e-16, 7.577785059307353e-06, -1.5523870903605672e-06, -2.146849613715685e-09, 6.138528242156852e-10], [2.0529095771542565, -8.739907583765651e-13, -5.992207266616459e-14, 2.2852950536092738e-11, -2.0381461340027537e-10, -2.1086913458400044e-15, 5.915023378870807e-16, 7.577785059307353e-06, -1.5523870903605672e-06, -2.146849613715685e-09, 6.138528242156852e-10], [2.135025960240427, -8.739907583765651e-13, -5.874713006486724e-14, 2.541807763708274e-11, -2.0381461340027537e-10, -2.1086913458400044e-15, 5.426626953092483e-16, 7.577785059307353e-06, -1.5523870903605672e-06, -2.2112551021271555e-09, 6.138528242156852e-10], [2.0529095771542565, -8.739907583765651e-13, -5.874713006486724e-14, 2.3319337281727285e-11, -2.0381461340027537e-10, -2.1086913458400044e-15, 5.426626953092483e-16, 7.577785059307353e-06, -1.521339348553356e-06, -2.146849613715685e-09, 6.138528242156852e-10], [2.0529095771542565, -8.739907583765651e-13, -5.874713006486724e-14, 2.3319337281727285e-11, -2.0381461340027537e-10, -2.1086913458400044e-15, 5.426626953092483e-16, 7.7293407604935e-06, -1.5028428215192725e-06, -2.146849613715685e-09, 6.138528242156852e-10], [2.0529095771542565, -8.215513128739712e-13, -5.992207266616459e-14, 2.3319337281727285e-11, -1.8698588385346366e-10, -2.1086913458400044e-15, 5.426626953092483e-16, 7.577785059307353e-06, -1.5523870903605672e-06, -2.100692347020798e-09, 6.138528242156852e-10]]
10
[[1.929735002525001, -8.739907583765651e-13, -5.992207266616459e-14, 2.2852950536092738e-11, -2.0381461340027537e-10, -2.1086913458400044e-15, 5.426626953092483e-16, 7.577785059307353e-06, -1.5523870903605672e-06, -2.2112551021271555e-09, 6.138528242156852e-10], [2.135025960240427, -8.739907583765651e-13, -5.874713006486724e-14, 2.541807763708274e-11, -2.0381461340027537e-10, -2.1086913458400044e-15, 5.915023378870807e-16, 8.335563565238088e-06, -1.5523870903605672e-06, -2.146849613715685e-09, 6.138528242156852e-10], [2.0529095771542565, -8.739907583765651e-13, -5.874713006486724e-14, 2.2153370417640922e-11, -2.0381461340027537e-10, -2.1086913458400044e-15, 5.426626953092483e-16, 7.577785059307353e-06, -1.5523870903605672e-06, -2.2112551021271555e-09, 6.138528242156852e-10], [2.135025960240427, -8.739907583765651e-13, -5.874713006486724e-14, 2.541807763708274e-11, -2.201197824722974e-10, -2.1086913458400044e-15, 5.426626953092483e-16, 7.7293407604935e-06, -1.5028428215192725e-06, -2.146849613715685e-09, 6.138528242156852e-10], [2.073438672925799, -8.739907583765651e-13, -5.874713006486724e-14, 2.3319337281727285e-11, -2.0381461340027537e-10, -2.1086913458400044e-15, 5.426626953092483e-16, 7.577785059307353e-06, -1.521339348553356e-06, -2.146849613715685e-09, 6.138528242156852e-10], [2.0529095771542565, -8.215513128739712e-13, -5.992207266616459e-14, 2.3319337281727285e-11, -1.8698588385346366e-10, -2.1086913458400044e-15, 5.426626953092483e-16, 7.577785059307353e-06, -1.5523870903605672e-06, -2.100692347020798e-09, 6.568225219107832e-10], [2.0529095771542565, -8.215513128739712e-13, -5.992207266616459e-14, 2.3319337281727285e-11, -1.8698588385346366e-10, -2.1086913458400044e-15, 5.426626953092483e-16, 7.502007208714279e-06, -1.5028428215192725e-06, -2.100692347020798e-09, 6.138528242156852e-10], [2.0529095771542565, -7.640427209727932e-13, -5.992207266616459e-14, 2.3319337281727285e-11, -1.8698588385346366e-10, -2.1086913458400044e-15, 5.426626953092483e-16, 7.577785059307353e-06, -1.5523870903605672e-06, -2.146849613715685e-09, 6.138528242156852e-10], [2.0529095771542565, -9.439100190466902e-13, -5.874713006486724e-14, 2.3319337281727285e-11, -2.0381461340027537e-10, -2.1086913458400044e-15, 5.426626953092483e-16, 7.577785059307353e-06, -1.521339348553356e-06, -1.996570140755587e-09, 6.138528242156852e-10], [2.0529095771542565, -8.739907583765651e-13, -5.874713006486724e-14, 2.3319337281727285e-11, -2.0585275953427812e-10, -1.961082951631204e-15, 5.426626953092483e-16, 7.577785059307353e-06, -1.5523870903605672e-06, -2.146849613715685e-09, 6.138528242156852e-10]]
11
[[2.0529095771542565, -8.739907583765651e-13, -5.874713006486724e-14, 2.4018917400179104e-11, -2.0585275953427812e-10, -1.961082951631204e-15, 5.915023378870807e-16, 8.335563565238088e-06, -1.5523870903605672e-06, -2.146849613715685e-09, 6.138528242156852e-10], [2.135025960240427, -8.739907583765651e-13, -5.874713006486724e-14, 2.541807763708274e-11, -2.0381461340027537e-10, -2.1086913458400044e-15, 5.426626953092483e-16, 7.577785059307353e-06, -1.5523870903605672e-06, -2.146849613715685e-09, 5.586060700362736e-10], [2.073438672925799, -8.739907583765651e-13, -5.874713006486724e-14, 2.2386563790458194e-11, -2.0381461340027537e-10, -2.1086913458400044e-15, 5.426626953092483e-16, 7.577785059307353e-06, -1.521339348553356e-06, -2.146849613715685e-09, 6.138528242156852e-10], [2.0529095771542565, -8.739907583765651e-13, -5.874713006486724e-14, 2.2153370417640922e-11, -2.0381461340027537e-10, -2.1086913458400044e-15, 5.426626953092483e-16, 7.577785059307353e-06, -1.5058154776497503e-06, -2.2112551021271555e-09, 6.138528242156852e-10], [2.0529095771542565, -9.439100190466902e-13, -5.874713006486724e-14, 2.3319337281727285e-11, -2.0381461340027537e-10, -2.1086913458400044e-15, 5.969289648401731e-16, 7.577785059307353e-06, -1.521339348553356e-06, -2.146849613715685e-09, 6.138528242156852e-10], [2.073438672925799, -8.739907583765651e-13, -6.109701526746193e-14, 2.3319337281727285e-11, -2.0381461340027537e-10, -2.1086913458400044e-15, 5.426626953092483e-16, 7.577785059307353e-06, -1.521339348553356e-06, -1.996570140755587e-09, 6.138528242156852e-10], [2.0529095771542565, -8.739907583765651e-13, -6.112051411948788e-14, 2.2852950536092738e-11, -2.0381461340027537e-10, -2.1086913458400044e-15, 5.426626953092483e-16, 7.577785059307353e-06, -1.5523870903605672e-06, -2.2112551021271555e-09, 6.138528242156852e-10], [1.929735002525001, -8.215513128739712e-13, -5.992207266616459e-14, 2.3319337281727285e-11, -2.0194475456174075e-10, -2.1086913458400044e-15, 5.426626953092483e-16, 7.502007208714279e-06, -1.5028428215192725e-06, -2.100692347020798e-09, 6.138528242156852e-10], [2.0529095771542565, -9.439100190466902e-13, -5.992207266616459e-14, 2.2852950536092738e-11, -2.0381461340027537e-10, -2.1086913458400044e-15, 4.938230527314159e-16, 7.577785059307353e-06, -1.5523870903605672e-06, -2.2112551021271555e-09, 6.138528242156852e-10], [1.756058852297751, -8.739907583765651e-13, -5.874713006486724e-14, 2.3319337281727285e-11, -2.0381461340027537e-10, -2.1086913458400044e-15, 5.426626953092483e-16, 7.577785059307353e-06, -1.521339348553356e-06, -1.996570140755587e-09, 6.138528242156852e-10]]
12
[[2.0529095771542565, -8.739907583765651e-13, -6.112051411948788e-14, 2.2852950536092738e-11, -2.0381461340027537e-10, -2.1086913458400044e-15, 5.426626953092483e-16, 7.274673656935059e-06, -1.5523870903605672e-06, -2.2112551021271555e-09, 6.138528242156852e-10], [2.0529095771542565, -9.439100190466902e-13, -5.874713006486724e-14, 2.3319337281727285e-11, -2.0381461340027537e-10, -2.256299740048805e-15, 5.969289648401731e-16, 7.577785059307353e-06, -1.521339348553356e-06, -2.146849613715685e-09, 6.138528242156852e-10], [2.0529095771542565, -9.439100190466902e-13, -5.874713006486724e-14, 2.2386563790458194e-11, -2.0381461340027537e-10, -2.1086913458400044e-15, 5.426626953092483e-16, 7.577785059307353e-06, -1.5061259550678224e-06, -2.146849613715685e-09, 6.138528242156852e-10], [2.073438672925799, -7.865916825389085e-13, -5.992207266616459e-14, 2.2852950536092738e-11, -2.0381461340027537e-10, -2.1086913458400044e-15, 4.938230527314159e-16, 7.577785059307353e-06, -1.5523870903605672e-06, -2.2112551021271555e-09, 6.138528242156852e-10], [2.0529095771542565, -8.739907583765651e-13, -5.874713006486724e-14, 2.6420809140197016e-11, -2.0585275953427812e-10, -1.961082951631204e-15, 5.915023378870807e-16, 8.335563565238088e-06, -1.5523870903605672e-06, -1.996570140755587e-09, 6.138528242156852e-10], [1.756058852297751, -8.739907583765651e-13, -5.874713006486724e-14, 2.3319337281727285e-11, -2.0381461340027537e-10, -2.1086913458400044e-15, 5.426626953092483e-16, 6.895784403969691e-06, -1.521339348553356e-06, -2.146849613715685e-09, 6.138528242156852e-10], [2.0529095771542565, -9.439100190466902e-13, -5.992207266616459e-14, 2.2153370417640922e-11, -2.0381461340027537e-10, -2.1086913458400044e-15, 5.426626953092483e-16, 7.577785059307353e-06, -1.5058154776497503e-06, -2.2112551021271555e-09, 6.6296105015294e-10], [1.8886768109819159, -8.739907583765651e-13, -5.874713006486724e-14, 2.2852950536092738e-11, -2.0381461340027537e-10, -2.1086913458400044e-15, 4.938230527314159e-16, 7.577785059307353e-06, -1.5523870903605672e-06, -2.2112551021271555e-09, 6.138528242156852e-10], [2.156376219842831, -8.739907583765651e-13, -5.874713006486724e-14, 2.2386563790458194e-11, -2.0381461340027537e-10, -2.1086913458400044e-15, 5.426626953092483e-16, 7.577785059307353e-06, -1.5058154776497503e-06, -2.2112551021271555e-09, 6.138528242156852e-10], [2.0529095771542565, -8.739907583765651e-13, -5.933460136551591e-14, 2.2153370417640922e-11, -2.0381461340027537e-10, -2.1086913458400044e-15, 5.426626953092483e-16, 7.577785059307353e-06, -1.521339348553356e-06, -2.146849613715685e-09, 6.138528242156852e-10]]
13
[[1.8886768109819159, -8.739907583765651e-13, -5.874713006486724e-14, 2.6420809140197016e-11, -2.0585275953427812e-10, -1.961082951631204e-15, 5.915023378870807e-16, 8.335563565238088e-06, -1.5061259550678224e-06, -2.146849613715685e-09, 6.138528242156852e-10], [2.0529095771542565, -9.439100190466902e-13, -5.874713006486724e-14, 2.2386563790458194e-11, -2.0381461340027537e-10, -2.1086913458400044e-15, 5.915023378870807e-16, 7.577785059307353e-06, -1.5523870903605672e-06, -1.996570140755587e-09, 6.138528242156852e-10], [2.0529095771542565, -9.439100190466902e-13, -5.874713006486724e-14, 2.2386563790458194e-11, -2.0381461340027537e-10, -2.1086913458400044e-15, 5.426626953092483e-16, 7.7293407604935e-06, -1.5061259550678224e-06, -2.2112551021271555e-09, 6.138528242156852e-10], [2.156376219842831, -8.739907583765651e-13, -5.874713006486724e-14, 2.2386563790458194e-11, -2.0381461340027537e-10, -2.1086913458400044e-15, 5.426626953092483e-16, 7.502007208714279e-06, -1.5058154776497503e-06, -2.146849613715685e-09, 6.138528242156852e-10], [1.8886768109819159, -8.739907583765651e-13, -5.5809773561623874e-14, 2.3319337281727285e-11, -2.0381461340027537e-10, -2.1086913458400044e-15, 5.426626953092483e-16, 6.895784403969691e-06, -1.521339348553356e-06, -2.146849613715685e-09, 6.138528242156852e-10], [1.756058852297751, -8.739907583765651e-13, -5.874713006486724e-14, 2.17103030092881e-11, -2.0381461340027537e-10, -2.1086913458400044e-15, 4.938230527314159e-16, 7.577785059307353e-06, -1.5523870903605672e-06, -2.2112551021271555e-09, 6.138528242156852e-10], [2.0529095771542565, -8.739907583765651e-13, -5.933460136551591e-14, 2.2153370417640922e-11, -2.0381461340027537e-10, -2.1086913458400044e-15, 5.426626953092483e-16, 7.577785059307353e-06, -1.521339348553356e-06, -2.3185975828129396e-09, 6.138528242156852e-10], [2.0529095771542565, -9.439100190466902e-13, -5.874713006486724e-14, 2.2386563790458194e-11, -2.0381461340027537e-10, -2.1086913458400044e-15, 5.209561874968784e-16, 7.577785059307353e-06, -1.5061259550678224e-06, -2.146849613715685e-09, 6.138528242156852e-10], [2.0529095771542565, -8.739907583765651e-13, -5.874713006486724e-14, 2.6420809140197016e-11, -2.0585275953427812e-10, -1.961082951631204e-15, 5.915023378870807e-16, 8.418919200890469e-06, -1.5061259550678224e-06, -2.146849613715685e-09, 6.138528242156852e-10], [2.0529095771542565, -9.439100190466902e-13, -6.403437177070529e-14, 2.2386563790458194e-11, -2.0381461340027537e-10, -2.1086913458400044e-15, 5.426626953092483e-16, 7.577785059307353e-06, -1.5523870903605672e-06, -1.996570140755587e-09, 6.138528242156852e-10]]
14
[[2.156376219842831, -8.739907583765651e-13, -5.874713006486724e-14, 2.4485304145813648e-11, -2.0381461340027537e-10, -2.1086913458400044e-15, 5.426626953092483e-16, 6.895784403969691e-06, -1.521339348553356e-06, -2.146849613715685e-09, 6.138528242156852e-10], [1.8886768109819159, -8.739907583765651e-13, -5.5809773561623874e-14, 2.2386563790458194e-11, -2.0381461340027537e-10, -2.256299740048805e-15, 5.426626953092483e-16, 7.502007208714279e-06, -1.5058154776497503e-06, -2.146849613715685e-09, 6.138528242156852e-10], [2.0529095771542565, -8.739907583765651e-13, -5.933460136551591e-14, 2.2153370417640922e-11, -2.0381461340027537e-10, -2.1086913458400044e-15, 5.426626953092483e-16, 7.577785059307353e-06, -1.521339348553356e-06, -2.3185975828129396e-09, 6.138528242156852e-10], [2.0529095771542565, -8.739907583765651e-13, -5.933460136551591e-14, 2.2153370417640922e-11, -2.0381461340027537e-10, -2.319560480424005e-15, 5.426626953092483e-16, 7.577785059307353e-06, -1.521339348553356e-06, -2.3185975828129396e-09, 6.138528242156852e-10], [2.0529095771542565, -9.439100190466902e-13, -5.874713006486724e-14, 2.305816070417194e-11, -2.0381461340027537e-10, -2.1086913458400044e-15, 5.915023378870807e-16, 7.577785059307353e-06, -1.5523870903605672e-06, -1.996570140755587e-09, 6.138528242156852e-10], [2.0529095771542565, -1.0383010209513592e-12, -5.874713006486724e-14, 2.2386563790458194e-11, -2.0381461340027537e-10, -2.1086913458400044e-15, 5.209561874968784e-16, 7.577785059307353e-06, -1.5061259550678224e-06, -2.146849613715685e-09, 6.138528242156852e-10], [2.0529095771542565, -8.739907583765651e-13, -5.874713006486724e-14, 2.2386563790458194e-11, -2.0381461340027537e-10, -2.1086913458400044e-15, 5.535159492154333e-16, 7.502007208714279e-06, -1.5058154776497503e-06, -2.146849613715685e-09, 6.138528242156852e-10], [2.156376219842831, -9.439100190466902e-13, -6.403437177070529e-14, 2.2386563790458194e-11, -1.8750944432825334e-10, -2.1086913458400044e-15, 5.426626953092483e-16, 7.577785059307353e-06, -1.5523870903605672e-06, -1.996570140755587e-09, 6.138528242156852e-10], [1.756058852297751, -8.739907583765651e-13, -5.874713006486724e-14, 2.17103030092881e-11, -2.0381461340027537e-10, -2.1086913458400044e-15, 5.426626953092483e-16, 7.577785059307353e-06, -1.5523870903605672e-06, -1.996570140755587e-09, 6.138528242156852e-10], [2.0529095771542565, -9.439100190466902e-13, -6.403437177070529e-14, 2.0147907411412375e-11, -2.0381461340027537e-10, -2.1086913458400044e-15, 4.938230527314159e-16, 7.577785059307353e-06, -1.5523870903605672e-06, -2.2112551021271555e-09, 6.138528242156852e-10]]