[-0.11697290363766795, -1.2674064772944394e-13, -3.6128299685405776e-14, 1.2577948882852008e-11, -3.397230445254329e-11, -9.132601375911635e-17, 4.001540943146746e-16, 6.2637276372653865e-06, -1.1535354983111335e-06, -1.3941464800325754e-09, 4.1615642017503965e-10],
6 [46896152228.81273, 27841450905.32348])
11

[-0.11696873861979058, -1.2672670838703845e-13, -3.612900234117692e-14, 1.2577403039110967e-11, -3.397352582484311e-11, -9.133061145262919e-17, 4.0011929326444616e-16, 6.263328511747513e-06, -1.1535583023508008e-06, -1.394271989957642e-09, 4.161881467143261e-10],
6 [46841680940.16692, 27924146306.16264])
11

[-0.116958728717799, -1.267109832334916e-13, -3.612764925044782e-14, 1.2576175931837134e-11, -3.397356147467886e-11, -9.133865233669028e-17, 4.0013032207991815e-16, 6.26365021494001e-06, -1.1535909549606544e-06, -1.3942589959176463e-09, 4.1618256560696906e-10],
6 [46896803424.85242, 27841926009.03952])
11



[-0.11677730149322929, -1.2672555442865284e-13, -3.610038435880328e-14, 1.2577258272768958e-11, -3.39941531457939e-11, -9.135007275988893e-17, 3.998851126400995e-16, 6.272821119441765e-06, -1.1544659603095635e-06, -1.3950590284064419e-09, 4.1696274566770867e-10],
6 [45380985413.625595, 30446313679.466778])
11


[-0.11677626417918326, -1.267259797043216e-13, -3.6099994952750393e-14, 1.2577357276230651e-11, -3.3994311302499515e-11, -9.134987034414214e-17, 3.9988075257343877e-16, 6.27285982216972e-06, -1.1544639545642135e-06, -1.395062507457985e-09, 4.169654636159764e-10],
6 [45369700549.67527, 30468586965.925415])
11

[-0.11614417162839846, -1.0819214353147048e-13, -3.728319677957042e-14, 1.0116651190438479e-11, -3.657125620288251e-11, -1.0869926873418308e-16, 4.109061823001547e-16, 7.027462652892496e-06, -1.1593958821156992e-06, -1.654484914355531e-09, 4.1954784206253826e-10],
6 [42394305452.687546, 40041427263.823006])
11

[-0.11614435317856549, -1.0821223714157469e-13, -3.727645601311623e-14, 1.0116294334184204e-11, -3.6573228052548986e-11, -1.0868424838110775e-16, 4.1082186809506026e-16, 7.027380027567821e-06, -1.1593713924919549e-06, -1.6546276303653918e-09, 4.195470175751901e-10],
6 [42382707521.84496, 40093550546.64623])
11

[-0.1161483312676121, -1.0819820802820918e-13, -3.728111261835751e-14, 1.0116388443509187e-11, -3.657139318887014e-11, -1.0869830732367214e-16, 4.108834936857729e-16, 7.027636725281638e-06, -1.1593561382192606e-06, -1.654451779738828e-09, 4.1954410100252687e-10],
6 [42367435749.61918, 40170921273.11996])
11

[-0.11643034793849988, -1.0817777557981841e-13, -3.729708913587221e-14, 1.0103240903162825e-11, -3.66378540238214e-11, -1.0836726129640684e-16, 4.115692640325128e-16, 7.033904708050551e-06, -1.1572772143975747e-06, -1.6597864386693979e-09, 4.209325483723127e-10],
5 [40586223682.9586, 63274580114.52749])
11

[-0.08196584477142461, -1.1994387775490012e-13, -3.300589605147099e-14, 8.78202378962687e-12, -2.444937149456921e-11, -1.0694338518165445e-16, 4.616039541692846e-16, 5.502026157153756e-06, -1.2332955960381212e-06, -1.3171731894955485e-09, 4.594971058667872e-10],
3 [41713053080.49715, 74167340412.4785])
3

[-0.13450073246217958, -1.374647192382306e-13, -3.3860375155674886e-14, 1.0030526730280003e-11, -3.271571323066896e-11, -7.776974347214153e-17, 3.5327417377536825e-16, 5.546648949879944e-06, -1.1868862031397275e-06, -1.3541689582912866e-09, 4.4014929255130916e-10],
2 [42142847784.52291, 73801940330.01317])
2

[-0.11795184083338475, -1.2445022386341162e-13, -3.310024751644301e-14, 1.0895072320685497e-11, -3.6906517152862846e-11, -8.85647720958425e-17, 3.805829773232584e-16, 5.476165242172249e-06, -1.1310685988119373e-06, -1.3818990706059091e-09, 4.1789584459093786e-10],
3 [44495572181.96518, 70544356179.19974])
3

[-0.11408767346159757, -1.142166050251654e-13, -3.6982330516373e-14, 1.032793767861526e-11, -3.8496111424172816e-11, -1.1762391287220012e-16, 4.447468573073169e-16, 6.211462023295043e-06, -1.2517078218864089e-06, -1.623861973956979e-09, 4.68399129003708e-10],
3 [41976095614.95837, 82895594317.84497])
3

[-0.1200952888334597, -1.1193410609872569e-13, -3.444156734607644e-14, 1.1695525362163765e-11, -3.8343416338393354e-11, -7.83065660911619e-17, 3.4087441810745864e-16, 5.305572452447863e-06, -1.134367568489266e-06, -1.2439381879146696e-09, 4.191334281132844e-10],
3 [46603796751.64636, 90369705184.29059])
3

[-0.12059252209905025, -1.026809672181405e-13, -3.8312664817843374e-14, 1.275675209112394e-11, -3.066025241155401e-11, -1.2822983344801926e-16, 3.984654547199698e-16, 6.8069076195536154e-06, -1.1866134438990735e-06, -1.5395345617073897e-09, 4.3599516972067443e-10],
6 [43430158929.049515, 102570387388.50703])
9

[-0.11864037577796757, -1.1223317042025848e-13, -3.904939371785832e-14, 1.1157501703069799e-11, -3.54654438640786e-11, -1.0724025306201406e-16, 4.1589913881098493e-16, 6.836527016202204e-06, -1.1019997418199448e-06, -1.5806070708899754e-09, 3.9982138744504925e-10],
5 [46612452470.768715, 100291042255.95596])
8

[-0.11583187728805505, -1.1328218342639326e-13, -4.0247869041878723e-14, 1.1200390834655911e-11, -3.4931257423838904e-11, -1.0873432185652428e-16, 4.0537223516328367e-16, 6.865238457329662e-06, -1.1100884799639216e-06, -1.6087356264131428e-09, 4.037356286407564e-10],
5 [46207690452.17627, 101415274883.65442])
8

[-0.11451554917718078, -1.1772684473046092e-13, -3.885450689193236e-14, 1.2105284820069036e-11, -3.627653784003792e-11, -9.275272342464045e-17, 4.069270451366838e-16, 6.400901354258208e-06, -1.164795086983588e-06, -1.4132891406217347e-09, 4.3184958151600576e-10],
3 [68872917690.26285, 203765668071.42728])
3


[-0.11400716353705094, -1.1157837006362823e-13, -4.010982585096811e-14, 1.121379714269623e-11, -3.4347228714836495e-11, -1.1165109321272422e-16, 4.4058996196595604e-16, 6.649518373473777e-06, -1.1298488200388896e-06, -1.539403925912551e-09, 4.177722836847062e-10],
2 [68932829414.4515, 206938977807.6066])
2

[-0.11466799632092496, -1.3001450533419256e-13, -3.5732571404781047e-14, 1.2611620747948976e-11, -3.3377606196329386e-11, -8.898298211240834e-17, 3.8805164410521397e-16, 6.302854354322089e-06, -1.1143587507745826e-06, -1.409046172066843e-09, 4.111563453623233e-10],
2 [71772724988.65291, 208556137028.36768])
2

[-0.11108941591070245, -1.2509053899517514e-13, -3.5216805091092944e-14, 1.2272318184498673e-11, -3.6504595705958825e-11, -8.921992570359763e-17, 4.067367036992572e-16, 6.049557591695549e-06, -1.1192081978924752e-06, -1.3710431120574028e-09, 4.1473775864215403e-10],
2 [72630355817.1623, 209221262707.3117])
2

[-0.12267546797882713, -1.160748537142474e-13, -3.819978721347804e-14, 1.260202157431786e-11, -3.366916444095838e-11, -9.736635829770772e-17, 4.2017867310572694e-16, 6.042552564686546e-06, -1.0682200702935585e-06, -1.2598824513675001e-09, 3.9062632514573727e-10],
3 [73980878095.72789, 207956236159.23358])
3

[-0.11573769001086963, -1.4299619678453037e-13, -3.8171524405995867e-14, 1.2023971042559306e-11, -3.6016009022743957e-11, -8.878657004551767e-17, 3.875960847145403e-16, 6.072280885134055e-06, -1.1110597184340314e-06, -1.3653939939262613e-09, 4.1095726122346247e-10],
2 [73205614760.52298, 210354378305.92288])
2

[-0.13082368051740165, -1.1310300694786457e-13, -3.8249546728064526e-14, 1.28185951566936e-11, -3.119016218811229e-11, -9.272658346709906e-17, 3.908536230077408e-16, 6.506082715803718e-06, -1.0597864504604348e-06, -1.472640923786002e-09, 3.90463392348297e-10],
3 [102037987099.35822, 302328332304.7093])
3

[-0.11774692960523596, -1.2399035957325502e-13, -3.6829542941576525e-14, 1.2593392217878689e-11, -3.384105423286154e-11, -9.06819171707258e-17, 4.012575877897264e-16, 6.332944509356522e-06, -1.1264972571157376e-06, -1.3919545501395563e-09, 4.191595477111064e-10],
2 [100892678283.79506, 304778888312.9562])
2

[-0.11118564755632819, -1.020827425547036e-13, -3.7998303236901245e-14, 9.772854582409263e-12, -3.5347776999235e-11, -1.1852433819444822e-16, 3.822990492617074e-16, 6.369610600410837e-06, -1.2156614126534917e-06, -1.5160176351932553e-09, 4.600505347904897e-10],
3 [100031404371.22089, 306484912725.60223])
3

[-0.1182121778462661, -1.1513706684165934e-13, -4.0042522425087455e-14, 1.1294329765147792e-11, -3.550365119256519e-11, -1.0608960330207722e-16, 4.1414845565380384e-16, 6.69600790115222e-06, -1.0786475063961972e-06, -1.6139594023181032e-09, 4.0019920092929273e-10],
3 [101365343210.69743, 305765791987.27576])
3

[-0.12175616850769473, -1.170494455480194e-13, -3.8006803892162223e-14, 1.3740987581977593e-11, -3.282163453969683e-11, -8.480280555627839e-17, 4.3777784735243e-16, 6.082980442168527e-06, -1.1800678164833215e-06, -1.3536484050233335e-09, 4.4338269247644275e-10],
3 [102296488771.42757, 305064576376.72595])
3

[-0.11719294213805695, -1.0993958196273768e-13, -4.090785153180921e-14, 1.104992733830519e-11, -3.559181644678677e-11, -1.124753282592586e-16, 4.3186884652648363e-16, 6.550742500282287e-06, -1.0726662938827878e-06, -1.6695337691566186e-09, 4.0020504809920697e-10],
5 [103161983822.99673, 306240750137.23474])
9

[-0.12216963226611685, -1.0555285044936331e-13, -3.719400086174065e-14, 1.113288621695867e-11, -3.3997376099655214e-11, -1.1461483097904888e-16, 3.947317777424752e-16, 7.058866093782607e-06, -1.1339631353701151e-06, -1.7229212944459422e-09, 4.2346213343468405e-10],
2 [100591595606.95825, 313404047898.3341])
3 DISPLACED

[-0.1135360645917407, -1.1634543545332645e-13, -3.5409972022203566e-14, 1.1564818452141863e-11, -3.316018961537413e-11, -8.657049554691929e-17, 3.80557767364015e-16, 6.461368660067676e-06, -1.1442032281257033e-06, -1.5699985430084036e-09, 4.2938631988150105e-10],
3 [103383564056.81079, 310022751823.1268])
4

[-0.1285681384953, -1.2723752629653337e-13, -3.937348172468968e-14, 1.2579671329257413e-11, -3.249370089852908e-11, -8.699234059756686e-17, 3.9759081774515043e-16, 6.3419242796296325e-06, -1.1195654657636722e-06, -1.317568375533332e-09, 4.1472735953223474e-10],
3 [103226511375.23145, 312186464364.9952])
4

[-0.11659813562929511, -1.2885110929990298e-13, -3.577791708504743e-14, 1.2646749212560554e-11, -3.3831773009699504e-11, -9.284248071512872e-17, 4.003342760912018e-16, 6.398320041396442e-06, -1.1245508241603073e-06, -1.4072152000100355e-09, 4.1834156007562354e-10]]
1 [103090039506.4589, 312500882005.9999])
1 BACK

[-0.13054113280472693, -1.2732441362168842e-13, -3.9925349875579045e-14, 1.2580057152972356e-11, -3.224199079370458e-11, -8.625442451555794e-17, 3.9716073792510486e-16, 6.355292988738788e-06, -1.113783470671901e-06, -1.3045215113510596e-09, 4.144788876433024e-10],
2 [134120136152.13403, 402120002624.8599])
2

[-0.11374170340347031, -1.049700604810981e-13, -3.795126393361416e-14, 9.795202022839666e-12, -3.74015282315088e-11, -1.0873285030566163e-16, 4.273669335598749e-16, 7.0394731665958195e-06, -1.1499344999668486e-06, -1.6634184411261982e-09, 4.3191829113447203e-10],
2 [133289759118.2699, 407769183708.4679])
2

[-0.11879972911122655, -1.1053150419060161e-13, -4.0714994174101306e-14, 1.0456886972494084e-11, -3.8389846930406986e-11, -9.911300131673668e-17, 4.114807317228948e-16, 7.235465261491248e-06, -1.128729982518336e-06, -1.492381570495051e-09, 4.1744068617619537e-10],
5 [134160326566.67976, 412073788514.6143])
8

[-0.12263400896609375, -9.834684072704386e-14, -3.75642147765041e-14, 1.0578391366187887e-11, -3.731727166628665e-11, -1.150730181367547e-16, 4.455515535104903e-16, 7.35876327240927e-06, -1.0921084112837298e-06, -1.7733837884362147e-09, 4.0670075779765336e-10],
2 [133686275702.8625, 414229397226.8615])
2

[-0.10639714017748735, -1.173310591408641e-13, -3.473821105899687e-14, 9.971137450918568e-12, -3.236370488945409e-11, -1.1283091982430153e-16, 3.4850066527605233e-16, 6.499094813489885e-06, -1.1168172799421562e-06, -1.3774189917532732e-09, 4.16796282622734e-10],
2 [135075754530.53967, 413076807957.65515])
2

[-0.11887864845204124, -1.1763554942407345e-13, -3.76626703610512e-14, 1.1708923728662726e-11, -3.180920138202556e-11, -9.518966747717961e-17, 4.166716180075975e-16, 6.6049940604844905e-06, -1.1811252877994764e-06, -1.3067602709760517e-09, 4.416414623502494e-10],
5 [138024745010.30597, 412718229489.6124])
7

[-0.11552278626807985, -1.0629192271541852e-13, -3.763166181918184e-14, 1.0282172526867732e-11, -3.59385401657457e-11, -1.0784868415437289e-16, 4.2175663377683324e-16, 7.1157170692388365e-06, -1.1270432695062306e-06, -1.6863179603129218e-09, 4.221322097543983e-10],
2 [136439957371.11765, 418109553830.5824])
2

[-0.12253598179789184, -1.2205595777954881e-13, -3.7642523296413e-14, 1.3450442652079855e-11, -3.365764019519694e-11, -9.451086117505359e-17, 4.2036486172945073e-16, 6.735564567281135e-06, -1.1083941113048471e-06, -1.5104967930441831e-09, 4.135933288496339e-10],
2 [138149805156.05075, 417379147933.2194])
2

[-0.12330255117466626, -1.0633184587470224e-13, -3.7402024782278434e-14, 1.1562805712433275e-11, -3.3183085334318343e-11, -1.1707220154772318e-16, 3.950376938511717e-16, 7.0002299784769825e-06, -1.1263798358849198e-06, -1.7252974352319986e-09, 4.2390956439626374e-10],
3 [136987451382.27031, 420057693447.8478])
3

[-0.10991193575344595, -1.2883601250608347e-13, -4.384161662530235e-14, 1.3524538750332034e-11, -3.290732493572836e-11, -8.93867682942639e-17, 3.347087781785287e-16, 7.321001851597292e-06, -1.2228278572470925e-06, -1.311121487317307e-09, 4.531552181711494e-10]]
9 [144062439417.02972, 414500862172.7158])
12

[-0.11684385315997455, -1.0449935565874438e-13, -3.4877962836491285e-14, 1.0353312984024325e-11, -3.524918804863994e-11, -1.1449939467229695e-16, 4.3360417089152866e-16, 7.6190362836291e-06, -1.0762225199528261e-06, -1.6167995075615066e-09, 4.048344421626095e-10],
1** [314509558096.6388, 901543496169.8141])
1

[-0.10876491793807673, -1.014837655234658e-13, -3.9640503452663716e-14, 9.588126306669262e-12, -3.5754633678254296e-11, -1.1032241850646933e-16, 4.0553258286587653e-16, 7.162133059749082e-06, -1.1807402929267652e-06, -1.5029503774659902e-09, 4.515177744048052e-10],
3 [326175500694.8029, 900283146246.9838])
3
