


GENERATION 1

INITIAL POPULATION
[[-1.04368805e-01 -1.18340693e-13 -4.01347246e-14  9.81077350e-12
  -3.71426912e-11 -8.10810373e-17  3.27033378e-16  5.12048799e-06
  -1.14922217e-06 -1.71709431e-09  4.30482250e-10]
 [-7.06881700e-02 -1.43690958e-13 -6.61915008e-14  4.97207853e-13
  -4.93377840e-11 -3.07563229e-17  6.00832974e-17  7.90474337e-06
  -1.84985143e-07 -1.22309295e-09  1.30112656e-10]
 [-1.95536992e-01 -1.75701255e-13 -4.00649226e-14  1.26031217e-11
  -1.54942696e-13 -7.41615133e-17  3.90999840e-16  3.90315224e-06
  -4.53769905e-07 -2.83302868e-09  1.83726972e-10]
 [-5.55217823e-03 -3.22789857e-14 -7.67881875e-14  1.25878264e-11
  -4.75002380e-11 -1.11857484e-16  8.30845640e-17  6.65278371e-06
  -6.87335072e-07 -2.70675877e-09  7.96900799e-10]
 [-1.28058499e-01 -1.97019107e-13 -7.55013770e-14  1.85383515e-11
  -1.10732540e-11 -1.50129627e-17  1.45516135e-17  2.31739580e-06
  -2.06801653e-06 -1.49549343e-09  8.25573517e-10]
 [-5.92883501e-02 -1.58182068e-13 -3.31911721e-14  9.70274194e-12
  -5.27818213e-11 -6.78232465e-17  1.94185705e-16  8.17068083e-06
  -2.76098557e-07 -2.62707604e-09  7.95600551e-10]
 [-1.32886291e-01 -1.61649365e-13 -5.14636628e-14  1.09804971e-12
  -7.74269073e-12 -7.93550593e-17  2.36785189e-16  7.46989505e-06
  -1.24676277e-06 -2.84394512e-09  8.34208033e-10]
 [-5.62492917e-02 -8.18855924e-14 -6.84683336e-14  6.10979489e-12
  -5.18417463e-11 -2.63376233e-18  2.14429138e-16  6.44844670e-06
  -2.01378060e-06 -1.69455087e-09  7.01284194e-10]
 [-1.23415647e-01 -2.22188349e-14 -2.97482975e-14  8.02607418e-12
  -2.96910974e-11 -1.20310597e-16  3.90303954e-16  7.73672752e-07
  -6.58390043e-07 -3.16904043e-09  3.50102392e-10]
 [-2.15304276e-03 -3.30586541e-14 -9.03989131e-15  9.15283763e-12
  -3.24038676e-11 -1.44436768e-16  1.64231609e-16  1.77519359e-06
  -2.28645631e-06 -1.74513936e-09  3.17099696e-10]
 [-1.79135849e-01 -2.26465478e-13 -1.48154061e-14  7.02366894e-12
  -1.50218891e-11 -1.13168164e-16  4.56323555e-16  9.63302564e-06
  -2.20966366e-06 -2.93448708e-09  2.40153598e-10]
 [-1.25186965e-01 -6.45145022e-14 -3.12075010e-14  1.84596588e-11
  -3.72939852e-11 -2.37710308e-18  3.65003968e-16  6.00551406e-07
  -2.15339418e-06 -1.07827269e-09  1.46318927e-10]
 [-3.79163024e-02 -8.04925578e-14 -6.98997432e-14  3.89432783e-12
  -4.47220703e-11 -1.59177344e-16  1.05569428e-16  5.02144050e-06
  -1.14491476e-06 -5.08692759e-10  5.32481111e-10]
 [-3.33711661e-02 -4.61666226e-14 -2.13479314e-14  1.01728922e-11
  -6.18191970e-12 -1.17186438e-16  5.05267521e-17  1.01770618e-05
  -2.32926230e-07 -1.01253630e-09  3.99403784e-10]
 [-4.83358993e-02 -7.48507306e-14 -4.26186959e-14  6.30288026e-12
  -6.51114162e-11 -8.91363090e-17  1.45445034e-17  4.17771011e-07
  -1.93701549e-06 -3.01183807e-09  1.10482130e-10]]

WEIGHTS
[[1.16453028e-11 5.49341797e+10 3.09373532e+10]
 [3.26698743e-14 9.58550733e+12 2.10237320e+13]
 [7.95016607e-13 6.05422024e+11 6.52413336e+11]
 [2.45142466e-15 1.38200177e+14 2.69725882e+14]
 [4.98910221e-13 6.21352534e+11 1.38301611e+12]
 [1.35894999e-15 2.49427178e+14 4.86435072e+14]
 [5.88339659e-15 5.75452430e+13 1.12424601e+14]
 [9.17102401e-14 3.87307834e+12 7.03082943e+12]
 [1.79958279e-13 2.02077413e+12 3.53606941e+12]
 [1.89972655e-15 1.81370757e+14 3.45020792e+14]
 [1.91026092e-15 1.81710767e+14 3.41777930e+14]
 [1.39014726e-15 2.47813833e+14 4.71534417e+14]
 [4.74512625e-14 6.77639498e+12 1.42978599e+13]
 [4.28578087e-15 7.72485683e+13 1.56081140e+14]
 [1.44426228e-15 2.38842472e+14 4.53552540e+14]]

MAPPING
[[0, 0], [2, 1], [4, 2], [(4, 0), (3, 4)], [(0, 2), (5, 6)], [(0, 6), (7, 8)], [(0, 6), (9, 10)], [(0, 7), (11, 12)], [(0, 13), (13, 14)]]

AFTER CROSSOVER
[[-1.04368805e-01 -1.18340693e-13 -4.01347246e-14  9.81077350e-12
  -3.71426912e-11 -8.10810373e-17  3.27033378e-16  5.12048799e-06
  -1.14922217e-06 -1.71709431e-09  4.30482250e-10]
 [-1.95536992e-01 -1.75701255e-13 -4.00649226e-14  1.26031217e-11
  -1.54942696e-13 -7.41615133e-17  3.90999840e-16  3.90315224e-06
  -4.53769905e-07 -2.83302868e-09  1.83726972e-10]
 [-1.28058499e-01 -1.97019107e-13 -7.55013770e-14  1.85383515e-11
  -1.10732540e-11 -1.50129627e-17  1.45516135e-17  2.31739580e-06
  -2.06801653e-06 -1.49549343e-09  8.25573517e-10]
 [-1.06565576e-01 -1.25636628e-13 -4.34143129e-14  1.06200914e-11
  -3.47252438e-11 -7.49544724e-17  2.98056602e-16  4.86055418e-06
  -1.23442298e-06 -1.69654502e-09  4.67119495e-10]
 [-1.25861728e-01 -1.89723171e-13 -7.22217886e-14  1.77290336e-11
  -1.34907015e-11 -2.11395276e-17  4.35283895e-17  2.57732960e-06
  -1.98281572e-06 -1.51604272e-09  7.88936271e-10]
 [-1.88801311e-01 -1.71463346e-13 -4.00700797e-14  1.23968176e-11
  -2.88766888e-12 -7.46727411e-17  3.86273874e-16  3.99309135e-06
  -5.05151259e-07 -2.75058130e-09  2.01957728e-10]
 [-1.11104486e-01 -1.22578601e-13 -4.01295675e-14  1.00170776e-11
  -3.44099650e-11 -8.05698095e-17  3.31759344e-16  5.03054887e-06
  -1.09784082e-06 -1.79954170e-09  4.12251494e-10]
 [-1.29809189e-01 -1.56976260e-13 -5.02412443e-14  2.03817262e-12
  -1.09150183e-11 -7.95412963e-17  2.46523176e-16  7.21638863e-06
  -1.23623791e-06 -2.72235533e-09  7.90645094e-10]
 [-1.07445907e-01 -1.23013798e-13 -4.13571430e-14  8.87065059e-12
  -3.39703636e-11 -8.08948003e-17  3.17295391e-16  5.37399440e-06
  -1.15974702e-06 -1.83868410e-09  4.74045189e-10]
 [-1.33636939e-01 -1.62789352e-13 -5.17618674e-14  8.68710112e-13
  -6.96881283e-12 -7.93096275e-17  2.34409642e-16  7.53173703e-06
  -1.24933027e-06 -2.87360652e-09  8.44835055e-10]
 [-1.03618157e-01 -1.17200705e-13 -3.98365200e-14  1.00401131e-11
  -3.79165691e-11 -8.11264691e-17  3.29408925e-16  5.05864601e-06
  -1.14665467e-06 -1.68743292e-09  4.19855227e-10]
 [-5.04995712e-02 -7.75296331e-14 -7.18538695e-14  5.66757111e-12
  -5.35981119e-11  6.73977208e-18  2.00974244e-16  6.60712228e-06
  -2.11708525e-06 -1.69185719e-09  7.33641868e-10]
 [-1.10118525e-01 -1.22696652e-13 -3.67491887e-14  1.02529973e-11
  -3.53863256e-11 -9.04545717e-17  3.40488272e-16  4.96181241e-06
  -1.04591752e-06 -1.71978799e-09  3.98124576e-10]
 [-9.97579639e-03 -2.23835915e-14 -1.51572470e-14  1.02922188e-11
   4.02037307e-12 -1.29084005e-16 -4.05885985e-17  1.18433202e-05
   6.90145481e-08 -7.80368088e-10  3.89162708e-10]
 [-1.27764174e-01 -1.42123724e-13 -4.63254089e-14  9.69144697e-12
  -4.73449840e-11 -6.91834698e-17  4.18148729e-16  3.45422957e-06
  -1.45116295e-06 -1.94926253e-09  4.40723325e-10]]

AFTER MUTATION
[[-1.04368805e-01 -1.18340693e-13 -4.01347246e-14  9.81077350e-12
  -3.71426912e-11 -8.10810373e-17  3.27033378e-16  5.12048799e-06
  -1.14922217e-06 -1.71709431e-09  4.30482250e-10]
 [-1.95536992e-01 -1.75701255e-13 -4.00649226e-14  1.26031217e-11
  -1.54942696e-13 -7.41615133e-17  3.90999840e-16  3.90315224e-06
  -4.53769905e-07 -2.83302868e-09  1.83726972e-10]
 [-1.28058499e-01 -1.97019107e-13 -7.55013770e-14  1.85383515e-11
  -1.10732540e-11 -1.50129627e-17  1.45516135e-17  2.31739580e-06
  -2.06801653e-06 -1.49549343e-09  8.25573517e-10]
 [-1.06565576e-01 -1.25636628e-13 -4.34143129e-14  1.06200914e-11
  -3.47252438e-11 -7.49544724e-17  2.98056602e-16  4.86055418e-06
  -1.23442298e-06 -1.69654502e-09  4.67119495e-10]
 [-1.23910982e-01 -2.29878829e-13 -5.68118135e-14  1.88193148e-11
  -1.34372220e-11 -1.86620339e-17  4.57929603e-17  2.89742184e-06
  -2.17486085e-06 -1.95629799e-09  9.50074410e-10]
 [-1.98108810e-01 -2.23359823e-13 -4.53790809e-14  1.01851262e-11
  -3.60412374e-12 -9.01152533e-17  3.90373163e-16  4.04908684e-06
  -5.19976077e-07 -2.14459446e-09  1.36866706e-10]
 [-1.11104486e-01 -1.22578601e-13 -4.01295675e-14  1.00170776e-11
  -3.44099650e-11 -8.05698095e-17  3.31759344e-16  5.03054887e-06
  -1.09784082e-06 -1.79954170e-09  4.12251494e-10]
 [-1.29809189e-01 -1.56976260e-13 -5.02412443e-14  2.03817262e-12
  -1.09150183e-11 -7.95412963e-17  2.46523176e-16  7.21638863e-06
  -1.23623791e-06 -2.72235533e-09  7.90645094e-10]
 [-1.15957762e-01 -8.28236409e-14 -2.81885168e-14  7.48987089e-12
  -4.05485205e-11 -8.97397521e-17  3.17779713e-16  6.87173474e-06
  -9.71953676e-07 -1.55793886e-09  4.35555819e-10]
 [-1.33636939e-01 -1.62789352e-13 -5.17618674e-14  8.68710112e-13
  -6.96881283e-12 -7.93096275e-17  2.34409642e-16  7.53173703e-06
  -1.24933027e-06 -2.87360652e-09  8.44835055e-10]
 [-1.03618157e-01 -1.17200705e-13 -3.98365200e-14  1.00401131e-11
  -3.79165691e-11 -8.11264691e-17  3.29408925e-16  5.05864601e-06
  -1.14665467e-06 -1.68743292e-09  4.19855227e-10]
 [-5.04995712e-02 -7.75296331e-14 -7.18538695e-14  5.66757111e-12
  -5.35981119e-11  6.73977208e-18  2.00974244e-16  6.60712228e-06
  -2.11708525e-06 -1.69185719e-09  7.33641868e-10]
 [-1.47121945e-01 -1.03486608e-13 -2.51854973e-14  9.39995550e-12
  -4.05399949e-11 -6.01075666e-17  4.14394923e-16  4.75787567e-06
  -8.47692134e-07 -2.31641791e-09  3.76453389e-10]
 [-9.97579639e-03 -2.23835915e-14 -1.51572470e-14  1.02922188e-11
   4.02037307e-12 -1.29084005e-16 -4.05885985e-17  1.18433202e-05
   6.90145481e-08 -7.80368088e-10  3.89162708e-10]
 [-1.27764174e-01 -1.42123724e-13 -4.63254089e-14  9.69144697e-12
  -4.73449840e-11 -6.91834698e-17  4.18148729e-16  3.45422957e-06
  -1.45116295e-06 -1.94926253e-09  4.40723325e-10]]


GENERATION 2

INITIAL POPULATION
[[-1.04368805e-01 -1.18340693e-13 -4.01347246e-14  9.81077350e-12
  -3.71426912e-11 -8.10810373e-17  3.27033378e-16  5.12048799e-06
  -1.14922217e-06 -1.71709431e-09  4.30482250e-10]
 [-1.95536992e-01 -1.75701255e-13 -4.00649226e-14  1.26031217e-11
  -1.54942696e-13 -7.41615133e-17  3.90999840e-16  3.90315224e-06
  -4.53769905e-07 -2.83302868e-09  1.83726972e-10]
 [-1.28058499e-01 -1.97019107e-13 -7.55013770e-14  1.85383515e-11
  -1.10732540e-11 -1.50129627e-17  1.45516135e-17  2.31739580e-06
  -2.06801653e-06 -1.49549343e-09  8.25573517e-10]
 [-1.06565576e-01 -1.25636628e-13 -4.34143129e-14  1.06200914e-11
  -3.47252438e-11 -7.49544724e-17  2.98056602e-16  4.86055418e-06
  -1.23442298e-06 -1.69654502e-09  4.67119495e-10]
 [-1.23910982e-01 -2.29878829e-13 -5.68118135e-14  1.88193148e-11
  -1.34372220e-11 -1.86620339e-17  4.57929603e-17  2.89742184e-06
  -2.17486085e-06 -1.95629799e-09  9.50074410e-10]
 [-1.98108810e-01 -2.23359823e-13 -4.53790809e-14  1.01851262e-11
  -3.60412374e-12 -9.01152533e-17  3.90373163e-16  4.04908684e-06
  -5.19976077e-07 -2.14459446e-09  1.36866706e-10]
 [-1.11104486e-01 -1.22578601e-13 -4.01295675e-14  1.00170776e-11
  -3.44099650e-11 -8.05698095e-17  3.31759344e-16  5.03054887e-06
  -1.09784082e-06 -1.79954170e-09  4.12251494e-10]
 [-1.29809189e-01 -1.56976260e-13 -5.02412443e-14  2.03817262e-12
  -1.09150183e-11 -7.95412963e-17  2.46523176e-16  7.21638863e-06
  -1.23623791e-06 -2.72235533e-09  7.90645094e-10]
 [-1.15957762e-01 -8.28236409e-14 -2.81885168e-14  7.48987089e-12
  -4.05485205e-11 -8.97397521e-17  3.17779713e-16  6.87173474e-06
  -9.71953676e-07 -1.55793886e-09  4.35555819e-10]
 [-1.33636939e-01 -1.62789352e-13 -5.17618674e-14  8.68710112e-13
  -6.96881283e-12 -7.93096275e-17  2.34409642e-16  7.53173703e-06
  -1.24933027e-06 -2.87360652e-09  8.44835055e-10]
 [-1.03618157e-01 -1.17200705e-13 -3.98365200e-14  1.00401131e-11
  -3.79165691e-11 -8.11264691e-17  3.29408925e-16  5.05864601e-06
  -1.14665467e-06 -1.68743292e-09  4.19855227e-10]
 [-5.04995712e-02 -7.75296331e-14 -7.18538695e-14  5.66757111e-12
  -5.35981119e-11  6.73977208e-18  2.00974244e-16  6.60712228e-06
  -2.11708525e-06 -1.69185719e-09  7.33641868e-10]
 [-1.47121945e-01 -1.03486608e-13 -2.51854973e-14  9.39995550e-12
  -4.05399949e-11 -6.01075666e-17  4.14394923e-16  4.75787567e-06
  -8.47692134e-07 -2.31641791e-09  3.76453389e-10]
 [-9.97579639e-03 -2.23835915e-14 -1.51572470e-14  1.02922188e-11
   4.02037307e-12 -1.29084005e-16 -4.05885985e-17  1.18433202e-05
   6.90145481e-08 -7.80368088e-10  3.89162708e-10]
 [-1.27764174e-01 -1.42123724e-13 -4.63254089e-14  9.69144697e-12
  -4.73449840e-11 -6.91834698e-17  4.18148729e-16  3.45422957e-06
  -1.45116295e-06 -1.94926253e-09  4.40723325e-10]]

WEIGHTS
[[1.16453028e-11 5.49341797e+10 3.09373532e+10]
 [7.95016607e-13 6.05422024e+11 6.52413336e+11]
 [4.98910221e-13 6.21352534e+11 1.38301611e+12]
 [9.15801254e-12 5.89344580e+10 5.02595396e+10]
 [1.61495167e-13 2.12123872e+12 4.07089704e+12]
 [3.35978913e-13 1.44833419e+12 1.52804308e+12]
 [1.07933895e-11 6.03392809e+10 3.23100209e+10]
 [7.39021614e-15 4.56939993e+13 8.96200404e+13]
 [7.56684446e-14 4.13924465e+12 9.07630386e+12]
 [5.58586837e-15 6.06436125e+13 1.18379582e+14]
 [5.10928673e-12 1.26740503e+11 6.89815323e+10]
 [7.32709771e-14 4.81528147e+12 8.83268720e+12]
 [1.99187585e-13 1.57751130e+12 3.44288193e+12]
 [2.42550774e-15 1.37088231e+14 2.75196580e+14]
 [3.94906347e-14 9.02040936e+12 1.63020502e+13]]

MAPPING
[[0, 0], [6, 1], [3, 2], [(10, 5), (3, 4)], [(10, 5), (5, 6)], [(6, 10), (7, 8)], [(10, 11), (9, 10)], [(11, 10), (11, 12)], [(11, 0), (13, 14)]]

AFTER CROSSOVER
[[-1.04368805e-01 -1.18340693e-13 -4.01347246e-14  9.81077350e-12
  -3.71426912e-11 -8.10810373e-17  3.27033378e-16  5.12048799e-06
  -1.14922217e-06 -1.71709431e-09  4.30482250e-10]
 [-1.11104486e-01 -1.22578601e-13 -4.01295675e-14  1.00170776e-11
  -3.44099650e-11 -8.05698095e-17  3.31759344e-16  5.03054887e-06
  -1.09784082e-06 -1.79954170e-09  4.12251494e-10]
 [-1.06565576e-01 -1.25636628e-13 -4.34143129e-14  1.06200914e-11
  -3.47252438e-11 -7.49544724e-17  2.98056602e-16  4.86055418e-06
  -1.23442298e-06 -1.69654502e-09  4.67119495e-10]
 [-1.83892733e-01 -2.07388231e-13 -4.45452051e-14  1.01633091e-11
  -8.76641591e-12 -8.87628947e-17  3.81201120e-16  4.20097457e-06
  -6.14259593e-07 -2.07581471e-09  1.79442204e-10]
 [-1.17834233e-01 -1.33172297e-13 -4.06703958e-14  1.00619303e-11
  -3.27542769e-11 -8.24788277e-17  3.38580968e-16  4.90675828e-06
  -1.05237115e-06 -1.75621267e-09  3.77279730e-10]
 [-1.95326267e-01 -2.20233669e-13 -4.52158646e-14  1.01808559e-11
  -4.61455018e-12 -8.98505532e-17  3.88577900e-16  4.07881615e-06
  -5.38430391e-07 -2.13113205e-09  1.45200099e-10]
 [-1.06400700e-01 -1.20326859e-13 -3.99997363e-14  1.00443834e-11
  -3.69061427e-11 -8.13911691e-17  3.31204188e-16  5.02891670e-06
  -1.12820036e-06 -1.70089533e-09  4.11521834e-10]
 [-1.04489520e-01 -1.17826660e-13 -3.98706289e-14  1.00374319e-11
  -3.75084218e-11 -8.10616773e-17  3.29682499e-16  5.05537567e-06
  -1.14097304e-06 -1.70048170e-09  4.18970199e-10]
 [-1.10233123e-01 -1.21952647e-13 -4.00954585e-14  1.00197588e-11
  -3.48181123e-11 -8.06346013e-17  3.31485769e-16  5.03381921e-06
  -1.10352245e-06 -1.78649292e-09  4.13136522e-10]
 [-5.35141403e-02 -7.97810332e-14 -7.00368310e-14  5.91572022e-12
  -5.27081580e-11  1.75321499e-18  2.08263128e-16  6.51924364e-06
  -2.06201169e-06 -1.69160610e-09  7.15833948e-10]
 [-1.00603588e-01 -1.14949305e-13 -4.16535584e-14  9.79196398e-12
  -3.88065231e-11 -7.61399120e-17  3.22120041e-16  5.14652464e-06
  -1.20172824e-06 -1.68768401e-09  4.37663147e-10]
 [-1.05406469e-01 -1.18536288e-13 -3.87586107e-14  1.01873209e-11
  -3.73886278e-11 -8.40846102e-17  3.33732860e-16  5.00651437e-06
  -1.11398375e-06 -1.68728397e-09  4.09291157e-10]
 [-4.87112590e-02 -7.61940504e-14 -7.29317788e-14  5.52036330e-12
  -5.41260532e-11  9.69791319e-18  1.96650309e-16  6.65925392e-06
  -2.14975617e-06 -1.69200614e-09  7.44205939e-10]
 [-1.49590815e-01 -1.52600660e-13 -1.35072154e-14  1.32888988e-11
  -2.33287354e-11 -1.54804633e-16  4.32857188e-16  3.87249191e-06
  -3.36722865e-07 -1.73828031e-09  1.75986564e-10]
 [-5.27756044e-03 -4.32696660e-14 -9.84813787e-14  2.18944582e-12
  -6.74120677e-11  8.04633676e-17  9.51504345e-17  7.85511835e-06
  -2.92958456e-06 -1.67067119e-09  9.88137554e-10]]

AFTER MUTATION
[[-1.04368805e-01 -1.18340693e-13 -4.01347246e-14  9.81077350e-12
  -3.71426912e-11 -8.10810373e-17  3.27033378e-16  5.12048799e-06
  -1.14922217e-06 -1.71709431e-09  4.30482250e-10]
 [-1.11104486e-01 -1.22578601e-13 -4.01295675e-14  1.00170776e-11
  -3.44099650e-11 -8.05698095e-17  3.31759344e-16  5.03054887e-06
  -1.09784082e-06 -1.79954170e-09  4.12251494e-10]
 [-1.06565576e-01 -1.25636628e-13 -4.34143129e-14  1.06200914e-11
  -3.47252438e-11 -7.49544724e-17  2.98056602e-16  4.86055418e-06
  -1.23442298e-06 -1.69654502e-09  4.67119495e-10]
 [-1.83892733e-01 -2.07388231e-13 -4.45452051e-14  1.01633091e-11
  -8.76641591e-12 -8.87628947e-17  3.81201120e-16  4.20097457e-06
  -6.14259593e-07 -2.07581471e-09  1.79442204e-10]
 [-1.03898351e-01 -1.06134494e-13 -3.34652819e-14  9.61792978e-12
  -4.18463360e-11 -9.29539559e-17  2.63394813e-16  6.52207850e-06
  -7.78871888e-07 -1.41570169e-09  3.86807508e-10]
 [-1.95326267e-01 -2.20233669e-13 -4.52158646e-14  1.01808559e-11
  -4.61455018e-12 -8.98505532e-17  3.88577900e-16  4.07881615e-06
  -5.38430391e-07 -2.13113205e-09  1.45200099e-10]
 [-8.30776487e-02 -1.16631886e-13 -5.13657913e-14  6.82541663e-12
  -3.34197276e-11 -7.12985737e-17  3.91044773e-16  5.12209370e-06
  -8.06776789e-07 -1.84443150e-09  4.77106109e-10]
 [-1.04489520e-01 -1.17826660e-13 -3.98706289e-14  1.00374319e-11
  -3.75084218e-11 -8.10616773e-17  3.29682499e-16  5.05537567e-06
  -1.14097304e-06 -1.70048170e-09  4.18970199e-10]
 [-1.37383716e-01 -1.29187106e-13 -4.00140456e-14  1.17154460e-11
  -2.68363092e-11 -6.44178426e-17  3.11571684e-16  4.11062674e-06
  -1.27001084e-06 -1.91139554e-09  3.74740197e-10]
 [-5.35141403e-02 -7.97810332e-14 -7.00368310e-14  5.91572022e-12
  -5.27081580e-11  1.75321499e-18  2.08263128e-16  6.51924364e-06
  -2.06201169e-06 -1.69160610e-09  7.15833948e-10]
 [-1.00603588e-01 -1.14949305e-13 -4.16535584e-14  9.79196398e-12
  -3.88065231e-11 -7.61399120e-17  3.22120041e-16  5.14652464e-06
  -1.20172824e-06 -1.68768401e-09  4.37663147e-10]
 [-1.07247867e-01 -1.11408324e-13 -5.18128790e-14  8.45063927e-12
  -4.39554775e-11 -7.74680538e-17  2.92325504e-16  4.17786420e-06
  -9.54560787e-07 -1.89462558e-09  3.54134112e-10]
 [-4.01217906e-02 -8.36249536e-14 -8.14359481e-14  6.88668552e-12
  -6.72544599e-11  6.78382778e-18  2.40316026e-16  6.17044421e-06
  -1.50244033e-06 -1.82850414e-09  9.26356434e-10]
 [-1.49590815e-01 -1.52600660e-13 -1.35072154e-14  1.32888988e-11
  -2.33287354e-11 -1.54804633e-16  4.32857188e-16  3.87249191e-06
  -3.36722865e-07 -1.73828031e-09  1.75986564e-10]
 [-5.27756044e-03 -4.32696660e-14 -9.84813787e-14  2.18944582e-12
  -6.74120677e-11  8.04633676e-17  9.51504345e-17  7.85511835e-06
  -2.92958456e-06 -1.67067119e-09  9.88137554e-10]]


GENERATION 3

INITIAL POPULATION
[[-1.04368805e-01 -1.18340693e-13 -4.01347246e-14  9.81077350e-12
  -3.71426912e-11 -8.10810373e-17  3.27033378e-16  5.12048799e-06
  -1.14922217e-06 -1.71709431e-09  4.30482250e-10]
 [-1.11104486e-01 -1.22578601e-13 -4.01295675e-14  1.00170776e-11
  -3.44099650e-11 -8.05698095e-17  3.31759344e-16  5.03054887e-06
  -1.09784082e-06 -1.79954170e-09  4.12251494e-10]
 [-1.06565576e-01 -1.25636628e-13 -4.34143129e-14  1.06200914e-11
  -3.47252438e-11 -7.49544724e-17  2.98056602e-16  4.86055418e-06
  -1.23442298e-06 -1.69654502e-09  4.67119495e-10]
 [-1.83892733e-01 -2.07388231e-13 -4.45452051e-14  1.01633091e-11
  -8.76641591e-12 -8.87628947e-17  3.81201120e-16  4.20097457e-06
  -6.14259593e-07 -2.07581471e-09  1.79442204e-10]
 [-1.03898351e-01 -1.06134494e-13 -3.34652819e-14  9.61792978e-12
  -4.18463360e-11 -9.29539559e-17  2.63394813e-16  6.52207850e-06
  -7.78871888e-07 -1.41570169e-09  3.86807508e-10]
 [-1.95326267e-01 -2.20233669e-13 -4.52158646e-14  1.01808559e-11
  -4.61455018e-12 -8.98505532e-17  3.88577900e-16  4.07881615e-06
  -5.38430391e-07 -2.13113205e-09  1.45200099e-10]
 [-8.30776487e-02 -1.16631886e-13 -5.13657913e-14  6.82541663e-12
  -3.34197276e-11 -7.12985737e-17  3.91044773e-16  5.12209370e-06
  -8.06776789e-07 -1.84443150e-09  4.77106109e-10]
 [-1.04489520e-01 -1.17826660e-13 -3.98706289e-14  1.00374319e-11
  -3.75084218e-11 -8.10616773e-17  3.29682499e-16  5.05537567e-06
  -1.14097304e-06 -1.70048170e-09  4.18970199e-10]
 [-1.37383716e-01 -1.29187106e-13 -4.00140456e-14  1.17154460e-11
  -2.68363092e-11 -6.44178426e-17  3.11571684e-16  4.11062674e-06
  -1.27001084e-06 -1.91139554e-09  3.74740197e-10]
 [-5.35141403e-02 -7.97810332e-14 -7.00368310e-14  5.91572022e-12
  -5.27081580e-11  1.75321499e-18  2.08263128e-16  6.51924364e-06
  -2.06201169e-06 -1.69160610e-09  7.15833948e-10]
 [-1.00603588e-01 -1.14949305e-13 -4.16535584e-14  9.79196398e-12
  -3.88065231e-11 -7.61399120e-17  3.22120041e-16  5.14652464e-06
  -1.20172824e-06 -1.68768401e-09  4.37663147e-10]
 [-1.07247867e-01 -1.11408324e-13 -5.18128790e-14  8.45063927e-12
  -4.39554775e-11 -7.74680538e-17  2.92325504e-16  4.17786420e-06
  -9.54560787e-07 -1.89462558e-09  3.54134112e-10]
 [-4.01217906e-02 -8.36249536e-14 -8.14359481e-14  6.88668552e-12
  -6.72544599e-11  6.78382778e-18  2.40316026e-16  6.17044421e-06
  -1.50244033e-06 -1.82850414e-09  9.26356434e-10]
 [-1.49590815e-01 -1.52600660e-13 -1.35072154e-14  1.32888988e-11
  -2.33287354e-11 -1.54804633e-16  4.32857188e-16  3.87249191e-06
  -3.36722865e-07 -1.73828031e-09  1.75986564e-10]
 [-5.27756044e-03 -4.32696660e-14 -9.84813787e-14  2.18944582e-12
  -6.74120677e-11  8.04633676e-17  9.51504345e-17  7.85511835e-06
  -2.92958456e-06 -1.67067119e-09  9.88137554e-10]]

WEIGHTS
[[1.16453028e-11 5.49341797e+10 3.09373532e+10]
 [1.07933895e-11 6.03392809e+10 3.23100209e+10]
 [9.15801254e-12 5.89344580e+10 5.02595396e+10]
 [4.34527561e-13 1.14231741e+12 1.15903259e+12]
 [4.21401442e-14 7.55595734e+12 1.61743838e+13]
 [3.52472968e-13 1.38544879e+12 1.45164821e+12]
 [2.07079092e-14 1.58990067e+13 3.23917207e+13]
 [5.96491568e-12 1.13515887e+11 5.41310759e+10]
 [5.27370946e-14 6.90136315e+12 1.20606219e+13]
 [8.14463553e-14 4.34574657e+12 7.93227369e+12]
 [2.83568161e-12 1.89370787e+11 1.63278113e+11]
 [5.80400737e-12 1.46804334e+11 2.54904161e+10]
 [6.08314268e-15 5.60727745e+13 1.08315939e+14]
 [1.03097206e-13 3.08970385e+12 6.60988008e+12]
 [2.17240971e-14 1.58424602e+13 3.01893723e+13]]

MAPPING
[[0, 0], [1, 1], [2, 2], [(8, 4), (3, 4)], [(0, 4), (5, 6)], [(8, 5), (7, 8)], [(0, 5), (9, 10)], [(0, 4), (11, 12)], [(4, 2), (13, 14)]]

AFTER CROSSOVER
[[-1.04368805e-01 -1.18340693e-13 -4.01347246e-14  9.81077350e-12
  -3.71426912e-11 -8.10810373e-17  3.27033378e-16  5.12048799e-06
  -1.14922217e-06 -1.71709431e-09  4.30482250e-10]
 [-1.11104486e-01 -1.22578601e-13 -4.01295675e-14  1.00170776e-11
  -3.44099650e-11 -8.05698095e-17  3.31759344e-16  5.03054887e-06
  -1.09784082e-06 -1.79954170e-09  4.12251494e-10]
 [-1.06565576e-01 -1.25636628e-13 -4.34143129e-14  1.06200914e-11
  -3.47252438e-11 -7.49544724e-17  2.98056602e-16  4.86055418e-06
  -1.23442298e-06 -1.69654502e-09  4.67119495e-10]
 [-1.08983527e-01 -1.09635324e-13 -3.44597945e-14  9.93646415e-12
  -3.95668736e-11 -8.86203862e-17  2.70711080e-16  6.15586905e-06
  -8.53457548e-07 -1.49097907e-09  3.84974934e-10]
 [-1.32298540e-01 -1.25686275e-13 -3.90195330e-14  1.13969116e-11
  -2.91157716e-11 -6.87514123e-17  3.04255417e-16  4.47683619e-06
  -1.19542518e-06 -1.83611816e-09  3.76572771e-10]
 [-1.03908049e-01 -1.06386118e-13 -3.36027689e-14  9.62190515e-12
  -4.17493729e-11 -9.27092021e-17  2.64706688e-16  6.49318546e-06
  -7.86506459e-07 -1.42191474e-09  3.87707839e-10]
 [-1.04359107e-01 -1.18089068e-13 -3.99972376e-14  9.80679813e-12
  -3.72396543e-11 -8.13257911e-17  3.25721503e-16  5.14938102e-06
  -1.14158760e-06 -1.71088127e-09  4.29581918e-10]
 [-1.88859460e-01 -2.10072216e-13 -4.46353041e-14  1.03521272e-11
  -7.09465880e-12 -8.70120792e-17  3.79983450e-16  4.08236644e-06
  -6.20080046e-07 -2.10660787e-09  1.70818430e-10]
 [-1.43850522e-01 -1.39348559e-13 -4.05946062e-14  1.15441747e-11
  -2.43562005e-11 -6.72563165e-17  3.20166133e-16  4.10707645e-06
  -1.18836118e-06 -1.93591972e-09  3.49121866e-10]
 [-1.75851862e-01 -1.98417922e-13 -4.41279695e-14  1.01016196e-11
  -1.15789724e-11 -8.79729602e-17  3.75400939e-16  4.30184280e-06
  -6.69203676e-07 -2.04248470e-09  2.06280299e-10]
 [-1.23843209e-01 -1.40156440e-13 -4.12226196e-14  9.89000981e-12
  -3.01782690e-11 -8.29586303e-17  3.40210339e-16  4.89746133e-06
  -1.01844888e-06 -1.80574167e-09  3.69402050e-10]
 [-1.03959794e-01 -1.07728676e-13 -3.43363401e-14  9.64311601e-12
  -4.12320195e-11 -9.14033012e-17  2.71706286e-16  6.33902469e-06
  -8.27241244e-07 -1.45506488e-09  3.92511619e-10]
 [-1.04307361e-01 -1.16746510e-13 -3.92636664e-14  9.78558727e-12
  -3.77570077e-11 -8.26316920e-17  3.18721905e-16  5.30354180e-06
  -1.10085281e-06 -1.67773113e-09  4.24778139e-10]
 [-1.08436191e-01 -1.39314133e-13 -5.03919041e-14  1.13229411e-11
  -2.97309816e-11 -6.23308273e-17  3.22366084e-16  3.69527112e-06
  -1.55391632e-06 -1.89350992e-09  5.23445001e-10]
 [-1.02027736e-01 -9.24569888e-14 -2.64876908e-14  8.91508006e-12
  -4.68405982e-11 -1.05577601e-16  2.39085331e-16  7.68736156e-06
  -4.59378540e-07 -1.21873679e-09  3.30482002e-10]]

AFTER MUTATION
[[-1.04368805e-01 -1.18340693e-13 -4.01347246e-14  9.81077350e-12
  -3.71426912e-11 -8.10810373e-17  3.27033378e-16  5.12048799e-06
  -1.14922217e-06 -1.71709431e-09  4.30482250e-10]
 [-1.11104486e-01 -1.22578601e-13 -4.01295675e-14  1.00170776e-11
  -3.44099650e-11 -8.05698095e-17  3.31759344e-16  5.03054887e-06
  -1.09784082e-06 -1.79954170e-09  4.12251494e-10]
 [-1.06565576e-01 -1.25636628e-13 -4.34143129e-14  1.06200914e-11
  -3.47252438e-11 -7.49544724e-17  2.98056602e-16  4.86055418e-06
  -1.23442298e-06 -1.69654502e-09  4.67119495e-10]
 [-8.73763721e-02 -8.38373008e-14 -2.59230395e-14  9.62793127e-12
  -2.99442223e-11 -6.32840931e-17  3.63641731e-16  6.82892353e-06
  -9.25977341e-07 -1.56245658e-09  3.40054621e-10]
 [-1.27558454e-01 -8.60728591e-14 -3.70073811e-14  1.22943903e-11
  -2.83267867e-11 -6.10639364e-17  3.00106966e-16  4.74977886e-06
  -1.21877783e-06 -1.76330356e-09  3.28349551e-10]
 [-1.31082679e-01 -1.33282302e-13 -2.49120043e-14  1.16212750e-11
  -3.17870602e-11 -8.25675545e-17  2.39493127e-16  4.48908794e-06
  -8.17640900e-07 -1.52664761e-09  4.64485875e-10]
 [-1.07939655e-01 -1.36454817e-13 -4.32079866e-14  1.28642905e-11
  -4.72858120e-11 -9.40217316e-17  3.37988660e-16  6.15779557e-06
  -1.04441977e-06 -1.80281610e-09  5.70226800e-10]
 [-1.35660906e-01 -1.69595043e-13 -5.59544463e-14  1.02903475e-11
  -8.60324449e-12 -1.05391515e-16  2.88219634e-16  3.68823281e-06
  -7.78833895e-07 -2.32109552e-09  1.63495907e-10]
 [-1.43850522e-01 -1.39348559e-13 -4.05946062e-14  1.15441747e-11
  -2.43562005e-11 -6.72563165e-17  3.20166133e-16  4.10707645e-06
  -1.18836118e-06 -1.93591972e-09  3.49121866e-10]
 [-1.75851862e-01 -1.98417922e-13 -4.41279695e-14  1.01016196e-11
  -1.15789724e-11 -8.79729602e-17  3.75400939e-16  4.30184280e-06
  -6.69203676e-07 -2.04248470e-09  2.06280299e-10]
 [-1.23843209e-01 -1.40156440e-13 -4.12226196e-14  9.89000981e-12
  -3.01782690e-11 -8.29586303e-17  3.40210339e-16  4.89746133e-06
  -1.01844888e-06 -1.80574167e-09  3.69402050e-10]
 [-1.06329164e-01 -8.15295535e-14 -3.59255191e-14  7.64811496e-12
  -3.28237746e-11 -1.07972214e-16  2.03972850e-16  7.25651407e-06
  -9.88415584e-07 -1.14915541e-09  4.97875896e-10]
 [-1.04307361e-01 -1.16746510e-13 -3.92636664e-14  9.78558727e-12
  -3.77570077e-11 -8.26316920e-17  3.18721905e-16  5.30354180e-06
  -1.10085281e-06 -1.67773113e-09  4.24778139e-10]
 [-1.08436191e-01 -1.39314133e-13 -5.03919041e-14  1.13229411e-11
  -2.97309816e-11 -6.23308273e-17  3.22366084e-16  3.69527112e-06
  -1.55391632e-06 -1.89350992e-09  5.23445001e-10]
 [-1.02027736e-01 -9.24569888e-14 -2.64876908e-14  8.91508006e-12
  -4.68405982e-11 -1.05577601e-16  2.39085331e-16  7.68736156e-06
  -4.59378540e-07 -1.21873679e-09  3.30482002e-10]]


GENERATION 4

INITIAL POPULATION
[[-1.04368805e-01 -1.18340693e-13 -4.01347246e-14  9.81077350e-12
  -3.71426912e-11 -8.10810373e-17  3.27033378e-16  5.12048799e-06
  -1.14922217e-06 -1.71709431e-09  4.30482250e-10]
 [-1.11104486e-01 -1.22578601e-13 -4.01295675e-14  1.00170776e-11
  -3.44099650e-11 -8.05698095e-17  3.31759344e-16  5.03054887e-06
  -1.09784082e-06 -1.79954170e-09  4.12251494e-10]
 [-1.06565576e-01 -1.25636628e-13 -4.34143129e-14  1.06200914e-11
  -3.47252438e-11 -7.49544724e-17  2.98056602e-16  4.86055418e-06
  -1.23442298e-06 -1.69654502e-09  4.67119495e-10]
 [-8.73763721e-02 -8.38373008e-14 -2.59230395e-14  9.62793127e-12
  -2.99442223e-11 -6.32840931e-17  3.63641731e-16  6.82892353e-06
  -9.25977341e-07 -1.56245658e-09  3.40054621e-10]
 [-1.27558454e-01 -8.60728591e-14 -3.70073811e-14  1.22943903e-11
  -2.83267867e-11 -6.10639364e-17  3.00106966e-16  4.74977886e-06
  -1.21877783e-06 -1.76330356e-09  3.28349551e-10]
 [-1.31082679e-01 -1.33282302e-13 -2.49120043e-14  1.16212750e-11
  -3.17870602e-11 -8.25675545e-17  2.39493127e-16  4.48908794e-06
  -8.17640900e-07 -1.52664761e-09  4.64485875e-10]
 [-1.07939655e-01 -1.36454817e-13 -4.32079866e-14  1.28642905e-11
  -4.72858120e-11 -9.40217316e-17  3.37988660e-16  6.15779557e-06
  -1.04441977e-06 -1.80281610e-09  5.70226800e-10]
 [-1.35660906e-01 -1.69595043e-13 -5.59544463e-14  1.02903475e-11
  -8.60324449e-12 -1.05391515e-16  2.88219634e-16  3.68823281e-06
  -7.78833895e-07 -2.32109552e-09  1.63495907e-10]
 [-1.43850522e-01 -1.39348559e-13 -4.05946062e-14  1.15441747e-11
  -2.43562005e-11 -6.72563165e-17  3.20166133e-16  4.10707645e-06
  -1.18836118e-06 -1.93591972e-09  3.49121866e-10]
 [-1.75851862e-01 -1.98417922e-13 -4.41279695e-14  1.01016196e-11
  -1.15789724e-11 -8.79729602e-17  3.75400939e-16  4.30184280e-06
  -6.69203676e-07 -2.04248470e-09  2.06280299e-10]
 [-1.23843209e-01 -1.40156440e-13 -4.12226196e-14  9.89000981e-12
  -3.01782690e-11 -8.29586303e-17  3.40210339e-16  4.89746133e-06
  -1.01844888e-06 -1.80574167e-09  3.69402050e-10]
 [-1.06329164e-01 -8.15295535e-14 -3.59255191e-14  7.64811496e-12
  -3.28237746e-11 -1.07972214e-16  2.03972850e-16  7.25651407e-06
  -9.88415584e-07 -1.14915541e-09  4.97875896e-10]
 [-1.04307361e-01 -1.16746510e-13 -3.92636664e-14  9.78558727e-12
  -3.77570077e-11 -8.26316920e-17  3.18721905e-16  5.30354180e-06
  -1.10085281e-06 -1.67773113e-09  4.24778139e-10]
 [-1.08436191e-01 -1.39314133e-13 -5.03919041e-14  1.13229411e-11
  -2.97309816e-11 -6.23308273e-17  3.22366084e-16  3.69527112e-06
  -1.55391632e-06 -1.89350992e-09  5.23445001e-10]
 [-1.02027736e-01 -9.24569888e-14 -2.64876908e-14  8.91508006e-12
  -4.68405982e-11 -1.05577601e-16  2.39085331e-16  7.68736156e-06
  -4.59378540e-07 -1.21873679e-09  3.30482002e-10]]

WEIGHTS
[[1.16453028e-11 5.49341797e+10 3.09373532e+10]
 [1.07933895e-11 6.03392809e+10 3.23100209e+10]
 [9.15801254e-12 5.89344580e+10 5.02595396e+10]
 [1.09844477e-12 2.40534378e+11 6.69843664e+11]
 [4.13626422e-14 8.80103604e+12 1.53753692e+13]
 [2.48001766e-14 1.32295892e+13 2.70927044e+13]
 [2.06123829e-14 1.60063412e+13 3.25081854e+13]
 [4.22231951e-14 8.90811291e+12 1.47755519e+13]
 [6.14478366e-14 5.99141796e+12 1.02825480e+13]
 [5.62977733e-13 9.11712151e+11 8.64557036e+11]
 [4.92263162e-12 1.50935944e+11 5.22074312e+10]
 [2.73741140e-14 1.18463951e+13 2.46844676e+13]
 [2.01528801e-12 1.35812305e+11 3.60394686e+11]
 [7.99576834e-14 4.46610639e+12 8.04050908e+12]
 [1.44382695e-14 2.24789594e+13 4.67814181e+13]]

MAPPING
[[0, 0], [1, 1], [2, 2], [(0, 1), (3, 4)], [(1, 4), (5, 6)], [(2, 0), (7, 8)], [(0, 2), (9, 10)], [(1, 6), (11, 12)], [(10, 2), (13, 14)]]

AFTER CROSSOVER
[[-1.04368805e-01 -1.18340693e-13 -4.01347246e-14  9.81077350e-12
  -3.71426912e-11 -8.10810373e-17  3.27033378e-16  5.12048799e-06
  -1.14922217e-06 -1.71709431e-09  4.30482250e-10]
 [-1.11104486e-01 -1.22578601e-13 -4.01295675e-14  1.00170776e-11
  -3.44099650e-11 -8.05698095e-17  3.31759344e-16  5.03054887e-06
  -1.09784082e-06 -1.79954170e-09  4.12251494e-10]
 [-1.06565576e-01 -1.25636628e-13 -4.34143129e-14  1.06200914e-11
  -3.47252438e-11 -7.49544724e-17  2.98056602e-16  4.86055418e-06
  -1.23442298e-06 -1.69654502e-09  4.67119495e-10]
 [-1.10450568e-01 -1.22167174e-13 -4.01300681e-14  9.99704902e-12
  -3.46752653e-11 -8.06194408e-17  3.31300534e-16  5.03928040e-06
  -1.10282905e-06 -1.79153749e-09  4.14021384e-10]
 [-1.05022722e-01 -1.18752120e-13 -4.01342239e-14  9.83080204e-12
  -3.68773909e-11 -8.10314059e-17  3.27492187e-16  5.11175646e-06
  -1.14423393e-06 -1.72509852e-09  4.28712360e-10]
 [-1.27692123e-01 -8.57762938e-14 -3.69820171e-14  1.23128907e-11
  -2.82773682e-11 -6.09054747e-17  2.99849828e-16  4.74749795e-06
  -1.21976030e-06 -1.76300917e-09  3.27667949e-10]
 [-1.10970818e-01 -1.22875167e-13 -4.01549315e-14  9.99857714e-12
  -3.44593835e-11 -8.07282712e-17  3.32016481e-16  5.03282979e-06
  -1.09685835e-06 -1.79983609e-09  4.12933096e-10]
 [-1.04256044e-01 -1.17966189e-13 -3.99663820e-14  9.76923090e-12
  -3.72667797e-11 -8.13955162e-17  3.28520767e-16  5.13383049e-06
  -1.14484878e-06 -1.71814912e-09  4.28601646e-10]
 [-1.06678337e-01 -1.26011131e-13 -4.35826555e-14  1.06616340e-11
  -3.46011553e-11 -7.46399935e-17  2.96569213e-16  4.84721168e-06
  -1.23879637e-06 -1.69549022e-09  4.69000099e-10]
 [-1.06779733e-01 -1.26347888e-13 -4.37340307e-14  1.06989895e-11
  -3.44895737e-11 -7.43572110e-17  2.95231738e-16  4.83521397e-06
  -1.24272896e-06 -1.69454173e-09  4.70691156e-10]
 [-1.04154648e-01 -1.17629432e-13 -3.98150068e-14  9.73187539e-12
  -3.73783613e-11 -8.16782987e-17  3.29858242e-16  5.14582820e-06
  -1.14091618e-06 -1.71909761e-09  4.26910588e-10]
 [-1.07734048e-01 -1.37356298e-13 -4.34079788e-14  1.30492622e-11
  -4.81223027e-11 -9.48956475e-17  3.38393353e-16  6.23102814e-06
  -1.04094922e-06 -1.80302883e-09  5.80489804e-10]
 [-1.11310092e-01 -1.21677121e-13 -3.99295753e-14  9.83210588e-12
  -3.35734744e-11 -7.96958936e-17  3.31354651e-16  4.95731630e-06
  -1.10131136e-06 -1.79932897e-09  4.01988490e-10]
 [-1.06168275e-01 -1.25302743e-13 -4.34647111e-14  1.06368797e-11
  -3.48298019e-11 -7.47704160e-17  2.97087273e-16  4.85970550e-06
  -1.23938932e-06 -1.69403403e-09  4.69366518e-10]
 [-1.24240510e-01 -1.40490325e-13 -4.11722214e-14  9.87322152e-12
  -3.00737108e-11 -8.31426868e-17  3.41179668e-16  4.89831001e-06
  -1.01348254e-06 -1.80825266e-09  3.67155027e-10]]

AFTER MUTATION
[[-1.04368805e-01 -1.18340693e-13 -4.01347246e-14  9.81077350e-12
  -3.71426912e-11 -8.10810373e-17  3.27033378e-16  5.12048799e-06
  -1.14922217e-06 -1.71709431e-09  4.30482250e-10]
 [-1.11104486e-01 -1.22578601e-13 -4.01295675e-14  1.00170776e-11
  -3.44099650e-11 -8.05698095e-17  3.31759344e-16  5.03054887e-06
  -1.09784082e-06 -1.79954170e-09  4.12251494e-10]
 [-1.06565576e-01 -1.25636628e-13 -4.34143129e-14  1.06200914e-11
  -3.47252438e-11 -7.49544724e-17  2.98056602e-16  4.86055418e-06
  -1.23442298e-06 -1.69654502e-09  4.67119495e-10]
 [-1.21508321e-01 -9.79307015e-14 -4.21138459e-14  6.59890426e-12
  -2.30195449e-11 -6.37896250e-17  3.95659064e-16  4.41729608e-06
  -1.39417309e-06 -1.27457412e-09  5.40247016e-10]
 [-1.05022722e-01 -1.18752120e-13 -4.01342239e-14  9.83080204e-12
  -3.68773909e-11 -8.10314059e-17  3.27492187e-16  5.11175646e-06
  -1.14423393e-06 -1.72509852e-09  4.28712360e-10]
 [-1.27692123e-01 -8.57762938e-14 -3.69820171e-14  1.23128907e-11
  -2.82773682e-11 -6.09054747e-17  2.99849828e-16  4.74749795e-06
  -1.21976030e-06 -1.76300917e-09  3.27667949e-10]
 [-1.23324088e-01 -9.47831635e-14 -4.28604572e-14  9.21671317e-12
  -3.53011818e-11 -5.52953918e-17  3.28479309e-16  3.29874183e-06
  -9.44590976e-07 -1.27107694e-09  3.10746769e-10]
 [-8.89660761e-02 -1.51050064e-13 -4.91462119e-14  1.27284312e-11
  -5.01135538e-11 -5.43128108e-17  3.53925574e-16  3.85794854e-06
  -1.46642651e-06 -1.46059636e-09  5.12762124e-10]
 [-1.06678337e-01 -1.26011131e-13 -4.35826555e-14  1.06616340e-11
  -3.46011553e-11 -7.46399935e-17  2.96569213e-16  4.84721168e-06
  -1.23879637e-06 -1.69549022e-09  4.69000099e-10]
 [-1.41992311e-01 -1.19402992e-13 -4.02137446e-14  7.20507427e-12
  -4.29294897e-11 -6.58986814e-17  3.84654609e-16  3.49601843e-06
  -1.16778440e-06 -1.49290437e-09  4.03264443e-10]
 [-9.86962817e-02 -1.18791566e-13 -2.77334586e-14  9.90586889e-12
  -4.67173807e-11 -8.09249934e-17  3.63801955e-16  6.22248258e-06
  -1.23147473e-06 -2.00088746e-09  3.99895998e-10]
 [-1.07734048e-01 -1.37356298e-13 -4.34079788e-14  1.30492622e-11
  -4.81223027e-11 -9.48956475e-17  3.38393353e-16  6.23102814e-06
  -1.04094922e-06 -1.80302883e-09  5.80489804e-10]
 [-1.11310092e-01 -1.21677121e-13 -3.99295753e-14  9.83210588e-12
  -3.35734744e-11 -7.96958936e-17  3.31354651e-16  4.95731630e-06
  -1.10131136e-06 -1.79932897e-09  4.01988490e-10]
 [-1.06168275e-01 -1.25302743e-13 -4.34647111e-14  1.06368797e-11
  -3.48298019e-11 -7.47704160e-17  2.97087273e-16  4.85970550e-06
  -1.23938932e-06 -1.69403403e-09  4.69366518e-10]
 [-1.24240510e-01 -1.40490325e-13 -4.11722214e-14  9.87322152e-12
  -3.00737108e-11 -8.31426868e-17  3.41179668e-16  4.89831001e-06
  -1.01348254e-06 -1.80825266e-09  3.67155027e-10]]


GENERATION 5

INITIAL POPULATION
[[-1.04368805e-01 -1.18340693e-13 -4.01347246e-14  9.81077350e-12
  -3.71426912e-11 -8.10810373e-17  3.27033378e-16  5.12048799e-06
  -1.14922217e-06 -1.71709431e-09  4.30482250e-10]
 [-1.11104486e-01 -1.22578601e-13 -4.01295675e-14  1.00170776e-11
  -3.44099650e-11 -8.05698095e-17  3.31759344e-16  5.03054887e-06
  -1.09784082e-06 -1.79954170e-09  4.12251494e-10]
 [-1.06565576e-01 -1.25636628e-13 -4.34143129e-14  1.06200914e-11
  -3.47252438e-11 -7.49544724e-17  2.98056602e-16  4.86055418e-06
  -1.23442298e-06 -1.69654502e-09  4.67119495e-10]
 [-1.21508321e-01 -9.79307015e-14 -4.21138459e-14  6.59890426e-12
  -2.30195449e-11 -6.37896250e-17  3.95659064e-16  4.41729608e-06
  -1.39417309e-06 -1.27457412e-09  5.40247016e-10]
 [-1.05022722e-01 -1.18752120e-13 -4.01342239e-14  9.83080204e-12
  -3.68773909e-11 -8.10314059e-17  3.27492187e-16  5.11175646e-06
  -1.14423393e-06 -1.72509852e-09  4.28712360e-10]
 [-1.27692123e-01 -8.57762938e-14 -3.69820171e-14  1.23128907e-11
  -2.82773682e-11 -6.09054747e-17  2.99849828e-16  4.74749795e-06
  -1.21976030e-06 -1.76300917e-09  3.27667949e-10]
 [-1.23324088e-01 -9.47831635e-14 -4.28604572e-14  9.21671317e-12
  -3.53011818e-11 -5.52953918e-17  3.28479309e-16  3.29874183e-06
  -9.44590976e-07 -1.27107694e-09  3.10746769e-10]
 [-8.89660761e-02 -1.51050064e-13 -4.91462119e-14  1.27284312e-11
  -5.01135538e-11 -5.43128108e-17  3.53925574e-16  3.85794854e-06
  -1.46642651e-06 -1.46059636e-09  5.12762124e-10]
 [-1.06678337e-01 -1.26011131e-13 -4.35826555e-14  1.06616340e-11
  -3.46011553e-11 -7.46399935e-17  2.96569213e-16  4.84721168e-06
  -1.23879637e-06 -1.69549022e-09  4.69000099e-10]
 [-1.41992311e-01 -1.19402992e-13 -4.02137446e-14  7.20507427e-12
  -4.29294897e-11 -6.58986814e-17  3.84654609e-16  3.49601843e-06
  -1.16778440e-06 -1.49290437e-09  4.03264443e-10]
 [-9.86962817e-02 -1.18791566e-13 -2.77334586e-14  9.90586889e-12
  -4.67173807e-11 -8.09249934e-17  3.63801955e-16  6.22248258e-06
  -1.23147473e-06 -2.00088746e-09  3.99895998e-10]
 [-1.07734048e-01 -1.37356298e-13 -4.34079788e-14  1.30492622e-11
  -4.81223027e-11 -9.48956475e-17  3.38393353e-16  6.23102814e-06
  -1.04094922e-06 -1.80302883e-09  5.80489804e-10]
 [-1.11310092e-01 -1.21677121e-13 -3.99295753e-14  9.83210588e-12
  -3.35734744e-11 -7.96958936e-17  3.31354651e-16  4.95731630e-06
  -1.10131136e-06 -1.79932897e-09  4.01988490e-10]
 [-1.06168275e-01 -1.25302743e-13 -4.34647111e-14  1.06368797e-11
  -3.48298019e-11 -7.47704160e-17  2.97087273e-16  4.85970550e-06
  -1.23938932e-06 -1.69403403e-09  4.69366518e-10]
 [-1.24240510e-01 -1.40490325e-13 -4.11722214e-14  9.87322152e-12
  -3.00737108e-11 -8.31426868e-17  3.41179668e-16  4.89831001e-06
  -1.01348254e-06 -1.80825266e-09  3.67155027e-10]]

WEIGHTS
[[1.16453028e-11 5.49341797e+10 3.09373532e+10]
 [1.07933895e-11 6.03392809e+10 3.23100209e+10]
 [9.15801254e-12 5.89344580e+10 5.02595396e+10]
 [3.35135668e-12 8.36855015e+10 2.14701121e+11]
 [1.16317707e-11 5.52123072e+10 3.07591265e+10]
 [4.06931225e-14 8.94132327e+12 1.56328539e+13]
 [4.90360377e-13 9.17780486e+11 1.12153600e+12]
 [2.07784687e-13 1.78026738e+12 3.03240680e+12]
 [8.98926656e-12 5.94074410e+10 5.18363400e+10]
 [3.72772989e-13 1.09295802e+12 1.58963978e+12]
 [1.96881040e-13 1.98767190e+12 3.09153735e+12]
 [1.81968254e-14 1.81745506e+13 3.67800900e+13]
 [4.14552571e-12 1.56656737e+11 8.45671922e+10]
 [9.06181675e-12 5.82334368e+10 5.21197107e+10]
 [4.79332901e-12 1.54466090e+11 5.41571861e+10]]

MAPPING
[[0, 0], [4, 1], [1, 2], [(2, 11), (3, 4)], [(3, 0), (5, 6)], [(5, 1), (7, 8)], [(5, 11), (9, 10)], [(4, 13), (11, 12)], [(4, 0), (13, 14)]]

AFTER CROSSOVER
[[-1.04368805e-01 -1.18340693e-13 -4.01347246e-14  9.81077350e-12
  -3.71426912e-11 -8.10810373e-17  3.27033378e-16  5.12048799e-06
  -1.14922217e-06 -1.71709431e-09  4.30482250e-10]
 [-1.05022722e-01 -1.18752120e-13 -4.01342239e-14  9.83080204e-12
  -3.68773909e-11 -8.10314059e-17  3.27492187e-16  5.11175646e-06
  -1.14423393e-06 -1.72509852e-09  4.28712360e-10]
 [-1.11104486e-01 -1.22578601e-13 -4.01295675e-14  1.00170776e-11
  -3.44099650e-11 -8.05698095e-17  3.31759344e-16  5.03054887e-06
  -1.09784082e-06 -1.79954170e-09  4.12251494e-10]
 [-1.07819540e-01 -1.38213771e-13 -4.34075153e-14  1.32269932e-11
  -4.91025030e-11 -9.63546503e-17  3.41344605e-16  6.33129932e-06
  -1.02679365e-06 -1.81081975e-09  5.88784581e-10]
 [-1.06480084e-01 -1.24779154e-13 -4.34147764e-14  1.04423603e-11
  -3.37450435e-11 -7.34954697e-17  2.95105350e-16  4.76028299e-06
  -1.24857855e-06 -1.68875410e-09  4.58824718e-10]
 [-1.04536504e-01 -1.18140994e-13 -4.01540890e-14  9.77934744e-12
  -3.70045054e-11 -8.09118520e-17  3.27704836e-16  5.11360771e-06
  -1.15161886e-06 -1.71276454e-09  4.31556227e-10]
 [-1.21340622e-01 -9.81304001e-14 -4.20944814e-14  6.63033032e-12
  -2.31577308e-11 -6.39588103e-17  3.94987606e-16  4.42417636e-06
  -1.39177640e-06 -1.27890389e-09  5.39173039e-10]
 [-1.17895576e-01 -1.07511489e-13 -3.88409391e-14  1.09569989e-11
  -3.18992386e-11 -7.25190983e-17  3.18695373e-16  4.91466592e-06
  -1.14775547e-06 -1.78458504e-09  3.77622420e-10]
 [-1.20901032e-01 -1.00843407e-13 -3.82706455e-14  1.13729693e-11
  -3.07880947e-11 -6.89561859e-17  3.12913799e-16  4.86338090e-06
  -1.16984564e-06 -1.77796583e-09  3.62297022e-10]
 [-1.11525099e-01 -1.27558639e-13 -4.21873627e-14  1.29093879e-11
  -4.43527431e-11 -8.84391898e-17  3.31071983e-16  5.94923051e-06
  -1.07491451e-06 -1.79542707e-09  5.32466111e-10]
 [-1.23901072e-01 -9.55739526e-14 -3.82026332e-14  1.24527650e-11
  -3.20469278e-11 -6.73619324e-17  3.07171199e-16  5.02929557e-06
  -1.18579501e-06 -1.77061094e-09  3.75691642e-10]
 [-1.06675723e-01 -1.28204485e-13 -4.49400231e-14  1.09939493e-11
  -3.39227777e-11 -7.19969740e-17  2.83618753e-16  4.74805403e-06
  -1.28154048e-06 -1.68027334e-09  4.87375164e-10]
 [-1.04515275e-01 -1.15850378e-13 -3.86589119e-14  9.47373239e-12
  -3.77844151e-11 -8.38048480e-17  3.40960707e-16  5.22340793e-06
  -1.10208278e-06 -1.73885922e-09  4.10703714e-10]
 [-1.04503265e-01 -1.18425291e-13 -4.01346216e-14  9.81489183e-12
  -3.70881394e-11 -8.10708319e-17  3.27127720e-16  5.11869258e-06
  -1.14819647e-06 -1.71874016e-09  4.30118320e-10]
 [-1.04888262e-01 -1.18667521e-13 -4.01343268e-14  9.82668372e-12
  -3.69319427e-11 -8.10416113e-17  3.27397846e-16  5.11355186e-06
  -1.14525963e-06 -1.72345267e-09  4.29076289e-10]]

AFTER MUTATION
[[-1.04368805e-01 -1.18340693e-13 -4.01347246e-14  9.81077350e-12
  -3.71426912e-11 -8.10810373e-17  3.27033378e-16  5.12048799e-06
  -1.14922217e-06 -1.71709431e-09  4.30482250e-10]
 [-1.05022722e-01 -1.18752120e-13 -4.01342239e-14  9.83080204e-12
  -3.68773909e-11 -8.10314059e-17  3.27492187e-16  5.11175646e-06
  -1.14423393e-06 -1.72509852e-09  4.28712360e-10]
 [-1.11104486e-01 -1.22578601e-13 -4.01295675e-14  1.00170776e-11
  -3.44099650e-11 -8.05698095e-17  3.31759344e-16  5.03054887e-06
  -1.09784082e-06 -1.79954170e-09  4.12251494e-10]
 [-1.27551220e-01 -1.31852461e-13 -5.66346004e-14  1.11289512e-11
  -3.19723467e-11 -1.04695660e-16  2.97960126e-16  7.67121237e-06
  -1.19119456e-06 -1.58107544e-09  7.91849283e-10]
 [-1.06480084e-01 -1.24779154e-13 -4.34147764e-14  1.04423603e-11
  -3.37450435e-11 -7.34954697e-17  2.95105350e-16  4.76028299e-06
  -1.24857855e-06 -1.68875410e-09  4.58824718e-10]
 [-8.95817501e-02 -1.58459321e-13 -5.18733204e-14  1.09533507e-11
  -3.10685084e-11 -7.13240547e-17  2.74343795e-16  6.50272963e-06
  -9.22388271e-07 -2.00950202e-09  3.06711946e-10]
 [-1.21340622e-01 -9.81304001e-14 -4.20944814e-14  6.63033032e-12
  -2.31577308e-11 -6.39588103e-17  3.94987606e-16  4.42417636e-06
  -1.39177640e-06 -1.27890389e-09  5.39173039e-10]
 [-1.17895576e-01 -1.07511489e-13 -3.88409391e-14  1.09569989e-11
  -3.18992386e-11 -7.25190983e-17  3.18695373e-16  4.91466592e-06
  -1.14775547e-06 -1.78458504e-09  3.77622420e-10]
 [-1.30950543e-01 -7.31064375e-14 -3.87493447e-14  1.40029189e-11
  -3.22054928e-11 -7.56974906e-17  3.92401575e-16  3.72206376e-06
  -1.11260756e-06 -2.06741901e-09  3.83615726e-10]
 [-1.11525099e-01 -1.27558639e-13 -4.21873627e-14  1.29093879e-11
  -4.43527431e-11 -8.84391898e-17  3.31071983e-16  5.94923051e-06
  -1.07491451e-06 -1.79542707e-09  5.32466111e-10]
 [-8.96717912e-02 -7.61648623e-14 -3.10571798e-14  1.03796370e-11
  -3.52424138e-11 -5.54745259e-17  2.44231730e-16  6.62349369e-06
  -9.31634728e-07 -1.63406552e-09  4.97899557e-10]
 [-1.16641485e-01 -1.51754017e-13 -4.90655830e-14  1.26194385e-11
  -3.07579210e-11 -7.63519366e-17  2.43917911e-16  3.98323521e-06
  -9.39453005e-07 -1.73740315e-09  6.45308653e-10]
 [-1.36893620e-01 -1.37187245e-13 -4.11545796e-14  6.21307101e-12
  -4.04854241e-11 -9.82025813e-17  4.34758641e-16  6.53405515e-06
  -1.36335264e-06 -2.17572760e-09  4.37405752e-10]
 [-1.04503265e-01 -1.18425291e-13 -4.01346216e-14  9.81489183e-12
  -3.70881394e-11 -8.10708319e-17  3.27127720e-16  5.11869258e-06
  -1.14819647e-06 -1.71874016e-09  4.30118320e-10]
 [-1.04888262e-01 -1.18667521e-13 -4.01343268e-14  9.82668372e-12
  -3.69319427e-11 -8.10416113e-17  3.27397846e-16  5.11355186e-06
  -1.14525963e-06 -1.72345267e-09  4.29076289e-10]]


GENERATION 1

INITIAL POPULATION
[[-1.04368805e-01 -1.18340693e-13 -4.01347246e-14  9.81077350e-12
  -3.71426912e-11 -8.10810373e-17  3.27033378e-16  5.12048799e-06
  -1.14922217e-06 -1.71709431e-09  4.30482250e-10]
 [-1.05022722e-01 -1.18752120e-13 -4.01342239e-14  9.83080204e-12
  -3.68773909e-11 -8.10314059e-17  3.27492187e-16  5.11175646e-06
  -1.14423393e-06 -1.72509852e-09  4.28712360e-10]
 [-1.11104486e-01 -1.22578601e-13 -4.01295675e-14  1.00170776e-11
  -3.44099650e-11 -8.05698095e-17  3.31759344e-16  5.03054887e-06
  -1.09784082e-06 -1.79954170e-09  4.12251494e-10]
 [-1.27551220e-01 -1.31852461e-13 -5.66346004e-14  1.11289512e-11
  -3.19723467e-11 -1.04695660e-16  2.97960126e-16  7.67121237e-06
  -1.19119456e-06 -1.58107544e-09  7.91849283e-10]
 [-1.06480084e-01 -1.24779154e-13 -4.34147764e-14  1.04423603e-11
  -3.37450435e-11 -7.34954697e-17  2.95105350e-16  4.76028299e-06
  -1.24857855e-06 -1.68875410e-09  4.58824718e-10]
 [-8.95817501e-02 -1.58459321e-13 -5.18733204e-14  1.09533507e-11
  -3.10685084e-11 -7.13240547e-17  2.74343795e-16  6.50272963e-06
  -9.22388271e-07 -2.00950202e-09  3.06711946e-10]
 [-1.21340622e-01 -9.81304001e-14 -4.20944814e-14  6.63033032e-12
  -2.31577308e-11 -6.39588103e-17  3.94987606e-16  4.42417636e-06
  -1.39177640e-06 -1.27890389e-09  5.39173039e-10]
 [-1.17895576e-01 -1.07511489e-13 -3.88409391e-14  1.09569989e-11
  -3.18992386e-11 -7.25190983e-17  3.18695373e-16  4.91466592e-06
  -1.14775547e-06 -1.78458504e-09  3.77622420e-10]
 [-1.30950543e-01 -7.31064375e-14 -3.87493447e-14  1.40029189e-11
  -3.22054928e-11 -7.56974906e-17  3.92401575e-16  3.72206376e-06
  -1.11260756e-06 -2.06741901e-09  3.83615726e-10]
 [-1.11525099e-01 -1.27558639e-13 -4.21873627e-14  1.29093879e-11
  -4.43527431e-11 -8.84391898e-17  3.31071983e-16  5.94923051e-06
  -1.07491451e-06 -1.79542707e-09  5.32466111e-10]
 [-8.96717912e-02 -7.61648623e-14 -3.10571798e-14  1.03796370e-11
  -3.52424138e-11 -5.54745259e-17  2.44231730e-16  6.62349369e-06
  -9.31634728e-07 -1.63406552e-09  4.97899557e-10]
 [-1.16641485e-01 -1.51754017e-13 -4.90655830e-14  1.26194385e-11
  -3.07579210e-11 -7.63519366e-17  2.43917911e-16  3.98323521e-06
  -9.39453005e-07 -1.73740315e-09  6.45308653e-10]
 [-1.36893620e-01 -1.37187245e-13 -4.11545796e-14  6.21307101e-12
  -4.04854241e-11 -9.82025813e-17  4.34758641e-16  6.53405515e-06
  -1.36335264e-06 -2.17572760e-09  4.37405752e-10]
 [-1.04503265e-01 -1.18425291e-13 -4.01346216e-14  9.81489183e-12
  -3.70881394e-11 -8.10708319e-17  3.27127720e-16  5.11869258e-06
  -1.14819647e-06 -1.71874016e-09  4.30118320e-10]
 [-1.04888262e-01 -1.18667521e-13 -4.01343268e-14  9.82668372e-12
  -3.69319427e-11 -8.10416113e-17  3.27397846e-16  5.11355186e-06
  -1.14525963e-06 -1.72345267e-09  4.29076289e-10]]

WEIGHTS
[[1.16453028e-11 5.49341797e+10 3.09373532e+10]
 [1.16317707e-11 5.52123072e+10 3.07591265e+10]
 [1.07933895e-11 6.03392809e+10 3.23100209e+10]
 [5.61014707e-15 6.01202414e+13 1.18128205e+14]
 [2.14923384e-12 2.26990055e+11 2.38292030e+11]
 [1.50104377e-12 3.68868640e+11 2.97334453e+11]
 [3.39569151e-12 8.26430955e+10 2.11847731e+11]
 [2.46860927e-13 1.61751734e+12 2.43334649e+12]
 [2.90863451e-13 1.39624148e+12 2.04179790e+12]
 [3.89233270e-14 8.35603516e+12 1.73354993e+13]
 [2.43794375e-14 1.34183133e+13 2.75998603e+13]
 [8.75962380e-15 3.83899074e+13 7.57702465e+13]
 [1.11757249e-13 3.35948805e+12 5.58847734e+12]
 [1.16438465e-11 5.49870379e+10 3.08952351e+10]
 [1.16358776e-11 5.51507866e+10 3.07903034e+10]]

MAPPING
[[0, 0], [13, 1], [14, 2], [(3, 2), (3, 4)], [(4, 13), (5, 6)], [(0, 14), (7, 8)], [(14, 13), (9, 10)], [(14, 13), (11, 12)], [(0, 4), (13, 14)]]

AFTER CROSSOVER
[[-1.04368805e-01 -1.18340693e-13 -4.01347246e-14  9.81077350e-12
  -3.71426912e-11 -8.10810373e-17  3.27033378e-16  5.12048799e-06
  -1.14922217e-06 -1.71709431e-09  4.30482250e-10]
 [-1.04503265e-01 -1.18425291e-13 -4.01346216e-14  9.81489183e-12
  -3.70881394e-11 -8.10708319e-17  3.27127720e-16  5.11869258e-06
  -1.14819647e-06 -1.71874016e-09  4.30118320e-10]
 [-1.04888262e-01 -1.18667521e-13 -4.01343268e-14  9.82668372e-12
  -3.69319427e-11 -8.10416113e-17  3.27397846e-16  5.11355186e-06
  -1.14525963e-06 -1.72345267e-09  4.29076289e-10]
 [-1.08913391e-01 -1.21343103e-13 -3.79307052e-14  9.86894960e-12
  -3.47347137e-11 -7.73556735e-17  3.36262202e-16  4.67874980e-06
  -1.08540388e-06 -1.82864659e-09  3.61680056e-10]
 [-1.29742315e-01 -1.33087960e-13 -5.88334626e-14  1.12770792e-11
  -3.16475980e-11 -1.07909796e-16  2.93457268e-16  8.02301144e-06
  -1.20363149e-06 -1.55197055e-09  8.42420721e-10]
 [-1.04203866e-01 -1.17462967e-13 -3.96378258e-14  9.71985860e-12
  -3.75944680e-11 -8.22181584e-17  3.31977668e-16  5.17297551e-06
  -1.13299311e-06 -1.72328170e-09  4.25770592e-10]
 [-1.06779483e-01 -1.25741479e-13 -4.39115722e-14  1.05373935e-11
  -3.32387149e-11 -7.23481432e-17  2.90255402e-16  4.70600007e-06
  -1.26378192e-06 -1.68421256e-09  4.63172446e-10]
 [-1.05232885e-01 -1.18884348e-13 -4.01340630e-14  9.83723901e-12
  -3.67921262e-11 -8.10154549e-17  3.27639644e-16  5.10895024e-06
  -1.14263077e-06 -1.72767099e-09  4.28143536e-10]
 [-1.04024182e-01 -1.18123865e-13 -4.01349884e-14  9.80021821e-12
  -3.72825077e-11 -8.11071936e-17  3.26791580e-16  5.12508961e-06
  -1.15185103e-06 -1.71287600e-09  4.31415003e-10]
 [-1.04509868e-01 -1.18429446e-13 -4.01346166e-14  9.81509405e-12
  -3.70854607e-11 -8.10703308e-17  3.27132352e-16  5.11860442e-06
  -1.14814611e-06 -1.71882098e-09  4.30100449e-10]
 [-1.04881659e-01 -1.18663367e-13 -4.01343319e-14  9.82648149e-12
  -3.69346215e-11 -8.10421124e-17  3.27393213e-16  5.11364002e-06
  -1.14530999e-06 -1.72337186e-09  4.29094160e-10]
 [-1.04442207e-01 -1.18386876e-13 -4.01346684e-14  9.81302172e-12
  -3.71129111e-11 -8.10754661e-17  3.27084880e-16  5.11950787e-06
  -1.14866224e-06 -1.71799279e-09  4.30283578e-10]
 [-1.04949320e-01 -1.18705937e-13 -4.01342801e-14  9.82855383e-12
  -3.69071711e-11 -8.10369771e-17  3.27440686e-16  5.11273658e-06
  -1.14479387e-06 -1.72420005e-09  4.28911031e-10]
 [-1.05774474e-01 -1.22627358e-13 -4.23185512e-14  1.02312778e-11
  -3.48805704e-11 -7.60306401e-17  3.05776007e-16  4.88066700e-06
  -1.21537268e-06 -1.69822567e-09  4.49352390e-10]
 [-1.05074415e-01 -1.20492489e-13 -4.12309498e-14  1.00218559e-11
  -3.60071643e-11 -7.85458668e-17  3.16362721e-16  5.00010398e-06
  -1.18242804e-06 -1.70762274e-09  4.39954578e-10]]

AFTER MUTATION
[[-1.04368805e-01 -1.18340693e-13 -4.01347246e-14  9.81077350e-12
  -3.71426912e-11 -8.10810373e-17  3.27033378e-16  5.12048799e-06
  -1.14922217e-06 -1.71709431e-09  4.30482250e-10]
 [-1.04503265e-01 -1.18425291e-13 -4.01346216e-14  9.81489183e-12
  -3.70881394e-11 -8.10708319e-17  3.27127720e-16  5.11869258e-06
  -1.14819647e-06 -1.71874016e-09  4.30118320e-10]
 [-1.04888262e-01 -1.18667521e-13 -4.01343268e-14  9.82668372e-12
  -3.69319427e-11 -8.10416113e-17  3.27397846e-16  5.11355186e-06
  -1.14525963e-06 -1.72345267e-09  4.29076289e-10]
 [-8.26615891e-02 -1.47777962e-13 -4.57386445e-14  1.15832504e-11
  -2.53345983e-11 -5.03100578e-17  4.00233478e-16  5.28401533e-06
  -1.16555725e-06 -2.04581257e-09  4.78010006e-10]
 [-1.29742315e-01 -1.33087960e-13 -5.88334626e-14  1.12770792e-11
  -3.16475980e-11 -1.07909796e-16  2.93457268e-16  8.02301144e-06
  -1.20363149e-06 -1.55197055e-09  8.42420721e-10]
 [-1.19786785e-01 -1.00121906e-13 -4.56219553e-14  6.90425882e-12
  -3.44599405e-11 -8.70221179e-17  3.57608997e-16  5.59590208e-06
  -1.12094320e-06 -1.77302953e-09  3.82169341e-10]
 [-1.06779483e-01 -1.25741479e-13 -4.39115722e-14  1.05373935e-11
  -3.32387149e-11 -7.23481432e-17  2.90255402e-16  4.70600007e-06
  -1.26378192e-06 -1.68421256e-09  4.63172446e-10]
 [-1.38647911e-01 -7.92984728e-14 -3.48131691e-14  7.73817419e-12
  -4.26939630e-11 -6.00323141e-17  2.71367461e-16  6.06303216e-06
  -1.52766649e-06 -1.21797726e-09  4.09740683e-10]
 [-9.02309340e-02 -1.12448665e-13 -3.23569718e-14  9.59804563e-12
  -2.96895105e-11 -7.81920246e-17  2.63069366e-16  5.98242612e-06
  -8.27009796e-07 -2.11270745e-09  4.05576853e-10]
 [-1.31074970e-01 -1.52257875e-13 -3.24356522e-14  8.14793397e-12
  -4.53485819e-11 -7.52495538e-17  4.07242558e-16  5.00020909e-06
  -1.08811420e-06 -2.21887962e-09  5.60645546e-10]
 [-1.04881659e-01 -1.18663367e-13 -4.01343319e-14  9.82648149e-12
  -3.69346215e-11 -8.10421124e-17  3.27393213e-16  5.11364002e-06
  -1.14530999e-06 -1.72337186e-09  4.29094160e-10]
 [-1.04442207e-01 -1.18386876e-13 -4.01346684e-14  9.81302172e-12
  -3.71129111e-11 -8.10754661e-17  3.27084880e-16  5.11950787e-06
  -1.14866224e-06 -1.71799279e-09  4.30283578e-10]
 [-1.38193653e-01 -1.13790214e-13 -3.53948175e-14  8.53257679e-12
  -4.04286954e-11 -1.01079982e-16  3.83831563e-16  4.22563266e-06
  -1.16405515e-06 -1.15402796e-09  4.30137503e-10]
 [-1.05774474e-01 -1.22627358e-13 -4.23185512e-14  1.02312778e-11
  -3.48805704e-11 -7.60306401e-17  3.05776007e-16  4.88066700e-06
  -1.21537268e-06 -1.69822567e-09  4.49352390e-10]
 [-1.05074415e-01 -1.20492489e-13 -4.12309498e-14  1.00218559e-11
  -3.60071643e-11 -7.85458668e-17  3.16362721e-16  5.00010398e-06
  -1.18242804e-06 -1.70762274e-09  4.39954578e-10]]


GENERATION 2

INITIAL POPULATION
[[-1.04368805e-01 -1.18340693e-13 -4.01347246e-14  9.81077350e-12
  -3.71426912e-11 -8.10810373e-17  3.27033378e-16  5.12048799e-06
  -1.14922217e-06 -1.71709431e-09  4.30482250e-10]
 [-1.04503265e-01 -1.18425291e-13 -4.01346216e-14  9.81489183e-12
  -3.70881394e-11 -8.10708319e-17  3.27127720e-16  5.11869258e-06
  -1.14819647e-06 -1.71874016e-09  4.30118320e-10]
 [-1.04888262e-01 -1.18667521e-13 -4.01343268e-14  9.82668372e-12
  -3.69319427e-11 -8.10416113e-17  3.27397846e-16  5.11355186e-06
  -1.14525963e-06 -1.72345267e-09  4.29076289e-10]
 [-8.26615891e-02 -1.47777962e-13 -4.57386445e-14  1.15832504e-11
  -2.53345983e-11 -5.03100578e-17  4.00233478e-16  5.28401533e-06
  -1.16555725e-06 -2.04581257e-09  4.78010006e-10]
 [-1.29742315e-01 -1.33087960e-13 -5.88334626e-14  1.12770792e-11
  -3.16475980e-11 -1.07909796e-16  2.93457268e-16  8.02301144e-06
  -1.20363149e-06 -1.55197055e-09  8.42420721e-10]
 [-1.19786785e-01 -1.00121906e-13 -4.56219553e-14  6.90425882e-12
  -3.44599405e-11 -8.70221179e-17  3.57608997e-16  5.59590208e-06
  -1.12094320e-06 -1.77302953e-09  3.82169341e-10]
 [-1.06779483e-01 -1.25741479e-13 -4.39115722e-14  1.05373935e-11
  -3.32387149e-11 -7.23481432e-17  2.90255402e-16  4.70600007e-06
  -1.26378192e-06 -1.68421256e-09  4.63172446e-10]
 [-1.38647911e-01 -7.92984728e-14 -3.48131691e-14  7.73817419e-12
  -4.26939630e-11 -6.00323141e-17  2.71367461e-16  6.06303216e-06
  -1.52766649e-06 -1.21797726e-09  4.09740683e-10]
 [-9.02309340e-02 -1.12448665e-13 -3.23569718e-14  9.59804563e-12
  -2.96895105e-11 -7.81920246e-17  2.63069366e-16  5.98242612e-06
  -8.27009796e-07 -2.11270745e-09  4.05576853e-10]
 [-1.31074970e-01 -1.52257875e-13 -3.24356522e-14  8.14793397e-12
  -4.53485819e-11 -7.52495538e-17  4.07242558e-16  5.00020909e-06
  -1.08811420e-06 -2.21887962e-09  5.60645546e-10]
 [-1.04881659e-01 -1.18663367e-13 -4.01343319e-14  9.82648149e-12
  -3.69346215e-11 -8.10421124e-17  3.27393213e-16  5.11364002e-06
  -1.14530999e-06 -1.72337186e-09  4.29094160e-10]
 [-1.04442207e-01 -1.18386876e-13 -4.01346684e-14  9.81302172e-12
  -3.71129111e-11 -8.10754661e-17  3.27084880e-16  5.11950787e-06
  -1.14866224e-06 -1.71799279e-09  4.30283578e-10]
 [-1.38193653e-01 -1.13790214e-13 -3.53948175e-14  8.53257679e-12
  -4.04286954e-11 -1.01079982e-16  3.83831563e-16  4.22563266e-06
  -1.16405515e-06 -1.15402796e-09  4.30137503e-10]
 [-1.05774474e-01 -1.22627358e-13 -4.23185512e-14  1.02312778e-11
  -3.48805704e-11 -7.60306401e-17  3.05776007e-16  4.88066700e-06
  -1.21537268e-06 -1.69822567e-09  4.49352390e-10]
 [-1.05074415e-01 -1.20492489e-13 -4.12309498e-14  1.00218559e-11
  -3.60071643e-11 -7.85458668e-17  3.16362721e-16  5.00010398e-06
  -1.18242804e-06 -1.70762274e-09  4.39954578e-10]]

WEIGHTS
[[1.16453028e-11 5.49341797e+10 3.09373532e+10]
 [1.16438465e-11 5.49870379e+10 3.08952351e+10]
 [1.16358776e-11 5.51507866e+10 3.07903034e+10]
 [5.52798990e-13 5.32691040e+11 1.27628477e+12]
 [4.37350733e-15 7.73173299e+13 1.51332110e+14]
 [6.63609373e-13 6.73509072e+11 8.33401531e+11]
 [1.69592962e-12 2.74859295e+11 3.14787814e+11]
 [2.82003512e-14 1.27004516e+13 2.27600997e+13]
 [5.88178066e-14 5.41845822e+12 1.15831958e+13]
 [3.59009203e-14 9.15903448e+12 1.86954046e+13]
 [1.16360616e-11 5.51478234e+10 3.07919073e+10]
 [1.16445930e-11 5.49627573e+10 3.09140097e+10]
 [9.72261015e-12 6.99307860e+10 3.29222529e+10]
 [3.94566519e-12 1.41754394e+11 1.11688297e+11]
 [7.83468646e-12 8.47040098e+10 4.29335167e+10]]

MAPPING
[[0, 0], [11, 1], [1, 2], [(11, 1), (3, 4)], [(1, 11), (5, 6)], [(11, 0), (7, 8)], [(4, 11), (9, 10)], [(0, 3), (11, 12)], [(1, 9), (13, 14)]]

AFTER CROSSOVER
[[-1.04368805e-01 -1.18340693e-13 -4.01347246e-14  9.81077350e-12
  -3.71426912e-11 -8.10810373e-17  3.27033378e-16  5.12048799e-06
  -1.14922217e-06 -1.71709431e-09  4.30482250e-10]
 [-1.04442207e-01 -1.18386876e-13 -4.01346684e-14  9.81302172e-12
  -3.71129111e-11 -8.10754661e-17  3.27084880e-16  5.11950787e-06
  -1.14866224e-06 -1.71799279e-09  4.30283578e-10]
 [-1.04503265e-01 -1.18425291e-13 -4.01346216e-14  9.81489183e-12
  -3.70881394e-11 -8.10708319e-17  3.27127720e-16  5.11869258e-06
  -1.14819647e-06 -1.71874016e-09  4.30118320e-10]
 [-1.04519377e-01 -1.18435429e-13 -4.01346093e-14  9.81538532e-12
  -3.70816025e-11 -8.10696090e-17  3.27139025e-16  5.11847744e-06
  -1.14807357e-06 -1.71893738e-09  4.30074710e-10]
 [-1.04426095e-01 -1.18376738e-13 -4.01346807e-14  9.81252822e-12
  -3.71194480e-11 -8.10766890e-17  3.27073575e-16  5.11972301e-06
  -1.14878515e-06 -1.71779557e-09  4.30327188e-10]
 [-1.04440718e-01 -1.18385938e-13 -4.01346695e-14  9.81297609e-12
  -3.71135154e-11 -8.10755792e-17  3.27083835e-16  5.11952776e-06
  -1.14867360e-06 -1.71797456e-09  4.30287610e-10]
 [-1.04504755e-01 -1.18426229e-13 -4.01346205e-14  9.81493745e-12
  -3.70875351e-11 -8.10707189e-17  3.27128765e-16  5.11867270e-06
  -1.14818511e-06 -1.71875839e-09  4.30114288e-10]
 [-1.04314305e-01 -1.18306403e-13 -4.01347663e-14  9.80910425e-12
  -3.71648023e-11 -8.10851737e-17  3.26995139e-16  5.12121570e-06
  -1.14963791e-06 -1.71642721e-09  4.30629758e-10]
 [-1.04496707e-01 -1.18421165e-13 -4.01346266e-14  9.81469096e-12
  -3.70908001e-11 -8.10713297e-17  3.27123119e-16  5.11878015e-06
  -1.14824650e-06 -1.71865989e-09  4.30136070e-10]
 [-1.12385776e-01 -1.23002629e-13 -4.60055981e-14  1.02726973e-11
  -3.53969465e-11 -8.95007401e-17  3.16526694e-16  6.03113165e-06
  -1.16592114e-06 -1.66586617e-09  5.59683805e-10]
 [-1.21798746e-01 -1.28472206e-13 -5.29625328e-14  1.08174036e-11
  -3.33635626e-11 -9.94845218e-17  3.04015454e-16  7.11138766e-06
  -1.18637259e-06 -1.60409717e-09  7.13020494e-10]
 [-6.84219718e-02 -1.67088381e-13 -4.94147343e-14  1.27459695e-11
  -1.75886614e-11 -3.01247435e-17  4.48251677e-16  5.39128689e-06
  -1.17627283e-06 -2.26144696e-09  5.09187522e-10]
 [-1.18608422e-01 -9.90302728e-14 -3.64586347e-14  8.64805444e-12
  -4.48886281e-11 -1.01266352e-16  2.79015179e-16  5.01321643e-06
  -1.13850659e-06 -1.50145992e-09  3.99304733e-10]
 [-1.31705975e-01 -1.53061307e-13 -3.22528227e-14  8.10834827e-12
  -4.55447449e-11 -7.51113143e-17  4.09145067e-16  4.99739543e-06
  -1.08668741e-06 -2.23075657e-09  5.63745212e-10]
 [-1.03872260e-01 -1.17621860e-13 -4.03174512e-14  9.85447753e-12
  -3.68919764e-11 -8.12090714e-17  3.25225211e-16  5.12150624e-06
  -1.14962326e-06 -1.70686321e-09  4.27018654e-10]]

AFTER MUTATION
[[-1.04368805e-01 -1.18340693e-13 -4.01347246e-14  9.81077350e-12
  -3.71426912e-11 -8.10810373e-17  3.27033378e-16  5.12048799e-06
  -1.14922217e-06 -1.71709431e-09  4.30482250e-10]
 [-1.04442207e-01 -1.18386876e-13 -4.01346684e-14  9.81302172e-12
  -3.71129111e-11 -8.10754661e-17  3.27084880e-16  5.11950787e-06
  -1.14866224e-06 -1.71799279e-09  4.30283578e-10]
 [-1.04503265e-01 -1.18425291e-13 -4.01346216e-14  9.81489183e-12
  -3.70881394e-11 -8.10708319e-17  3.27127720e-16  5.11869258e-06
  -1.14819647e-06 -1.71874016e-09  4.30118320e-10]
 [-1.04519377e-01 -1.18435429e-13 -4.01346093e-14  9.81538532e-12
  -3.70816025e-11 -8.10696090e-17  3.27139025e-16  5.11847744e-06
  -1.14807357e-06 -1.71893738e-09  4.30074710e-10]
 [-1.18245368e-01 -8.73417220e-14 -4.59328717e-14  7.63627509e-12
  -4.87967359e-11 -8.83971509e-17  2.48925969e-16  5.11071171e-06
  -1.05774161e-06 -1.33047336e-09  3.90226162e-10]
 [-1.04440718e-01 -1.18385938e-13 -4.01346695e-14  9.81297609e-12
  -3.71135154e-11 -8.10755792e-17  3.27083835e-16  5.11952776e-06
  -1.14867360e-06 -1.71797456e-09  4.30287610e-10]
 [-1.04504755e-01 -1.18426229e-13 -4.01346205e-14  9.81493745e-12
  -3.70875351e-11 -8.10707189e-17  3.27128765e-16  5.11867270e-06
  -1.14818511e-06 -1.71875839e-09  4.30114288e-10]
 [-1.04314305e-01 -1.18306403e-13 -4.01347663e-14  9.80910425e-12
  -3.71648023e-11 -8.10851737e-17  3.26995139e-16  5.12121570e-06
  -1.14963791e-06 -1.71642721e-09  4.30629758e-10]
 [-1.24732581e-01 -1.04496768e-13 -5.15188503e-14  6.92245299e-12
  -3.38681777e-11 -9.17057879e-17  3.91840789e-16  6.75659010e-06
  -1.21270860e-06 -1.80004488e-09  5.17638361e-10]
 [-1.35952341e-01 -1.36821872e-13 -6.18543519e-14  9.63150558e-12
  -2.40551418e-11 -6.97123283e-17  3.63766305e-16  4.03037740e-06
  -1.53420913e-06 -2.02689821e-09  7.27718747e-10]
 [-1.21798746e-01 -1.28472206e-13 -5.29625328e-14  1.08174036e-11
  -3.33635626e-11 -9.94845218e-17  3.04015454e-16  7.11138766e-06
  -1.18637259e-06 -1.60409717e-09  7.13020494e-10]
 [-8.16679194e-02 -1.92427560e-13 -4.13245037e-14  1.08541056e-11
  -1.53461623e-11 -2.19168481e-17  5.11171799e-16  6.59813167e-06
  -1.52950003e-06 -2.56858851e-09  5.57503236e-10]
 [-1.18608422e-01 -9.90302728e-14 -3.64586347e-14  8.64805444e-12
  -4.48886281e-11 -1.01266352e-16  2.79015179e-16  5.01321643e-06
  -1.13850659e-06 -1.50145992e-09  3.99304733e-10]
 [-1.46208334e-01 -1.46757501e-13 -2.62427024e-14  8.05311887e-12
  -5.46812811e-11 -7.83336556e-17  4.29463287e-16  6.66008134e-06
  -7.64483212e-07 -2.24711350e-09  6.23820313e-10]
 [-8.83733214e-02 -9.76398171e-14 -4.33871468e-14  1.27212405e-11
  -4.64525707e-11 -1.07219126e-16  2.14499739e-16  3.39590904e-06
  -1.38627527e-06 -1.45546134e-09  3.55529592e-10]]


GENERATION 3

INITIAL POPULATION
[[-1.04368805e-01 -1.18340693e-13 -4.01347246e-14  9.81077350e-12
  -3.71426912e-11 -8.10810373e-17  3.27033378e-16  5.12048799e-06
  -1.14922217e-06 -1.71709431e-09  4.30482250e-10]
 [-1.04442207e-01 -1.18386876e-13 -4.01346684e-14  9.81302172e-12
  -3.71129111e-11 -8.10754661e-17  3.27084880e-16  5.11950787e-06
  -1.14866224e-06 -1.71799279e-09  4.30283578e-10]
 [-1.04503265e-01 -1.18425291e-13 -4.01346216e-14  9.81489183e-12
  -3.70881394e-11 -8.10708319e-17  3.27127720e-16  5.11869258e-06
  -1.14819647e-06 -1.71874016e-09  4.30118320e-10]
 [-1.04519377e-01 -1.18435429e-13 -4.01346093e-14  9.81538532e-12
  -3.70816025e-11 -8.10696090e-17  3.27139025e-16  5.11847744e-06
  -1.14807357e-06 -1.71893738e-09  4.30074710e-10]
 [-1.18245368e-01 -8.73417220e-14 -4.59328717e-14  7.63627509e-12
  -4.87967359e-11 -8.83971509e-17  2.48925969e-16  5.11071171e-06
  -1.05774161e-06 -1.33047336e-09  3.90226162e-10]
 [-1.04440718e-01 -1.18385938e-13 -4.01346695e-14  9.81297609e-12
  -3.71135154e-11 -8.10755792e-17  3.27083835e-16  5.11952776e-06
  -1.14867360e-06 -1.71797456e-09  4.30287610e-10]
 [-1.04504755e-01 -1.18426229e-13 -4.01346205e-14  9.81493745e-12
  -3.70875351e-11 -8.10707189e-17  3.27128765e-16  5.11867270e-06
  -1.14818511e-06 -1.71875839e-09  4.30114288e-10]
 [-1.04314305e-01 -1.18306403e-13 -4.01347663e-14  9.80910425e-12
  -3.71648023e-11 -8.10851737e-17  3.26995139e-16  5.12121570e-06
  -1.14963791e-06 -1.71642721e-09  4.30629758e-10]
 [-1.24732581e-01 -1.04496768e-13 -5.15188503e-14  6.92245299e-12
  -3.38681777e-11 -9.17057879e-17  3.91840789e-16  6.75659010e-06
  -1.21270860e-06 -1.80004488e-09  5.17638361e-10]
 [-1.35952341e-01 -1.36821872e-13 -6.18543519e-14  9.63150558e-12
  -2.40551418e-11 -6.97123283e-17  3.63766305e-16  4.03037740e-06
  -1.53420913e-06 -2.02689821e-09  7.27718747e-10]
 [-1.21798746e-01 -1.28472206e-13 -5.29625328e-14  1.08174036e-11
  -3.33635626e-11 -9.94845218e-17  3.04015454e-16  7.11138766e-06
  -1.18637259e-06 -1.60409717e-09  7.13020494e-10]
 [-8.16679194e-02 -1.92427560e-13 -4.13245037e-14  1.08541056e-11
  -1.53461623e-11 -2.19168481e-17  5.11171799e-16  6.59813167e-06
  -1.52950003e-06 -2.56858851e-09  5.57503236e-10]
 [-1.18608422e-01 -9.90302728e-14 -3.64586347e-14  8.64805444e-12
  -4.48886281e-11 -1.01266352e-16  2.79015179e-16  5.01321643e-06
  -1.13850659e-06 -1.50145992e-09  3.99304733e-10]
 [-1.46208334e-01 -1.46757501e-13 -2.62427024e-14  8.05311887e-12
  -5.46812811e-11 -7.83336556e-17  4.29463287e-16  6.66008134e-06
  -7.64483212e-07 -2.24711350e-09  6.23820313e-10]
 [-8.83733214e-02 -9.76398171e-14 -4.33871468e-14  1.27212405e-11
  -4.64525707e-11 -1.07219126e-16  2.14499739e-16  3.39590904e-06
  -1.38627527e-06 -1.45546134e-09  3.55529592e-10]]

WEIGHTS
[[1.16453028e-11 5.49341797e+10 3.09373532e+10]
 [1.16445930e-11 5.49627573e+10 3.09140097e+10]
 [1.16438465e-11 5.49870379e+10 3.08952351e+10]
 [1.16436258e-11 5.49935223e+10 3.08903782e+10]
 [6.64494327e-12 5.79738007e+10 9.25165737e+10]
 [1.16446094e-11 5.49621708e+10 3.09144750e+10]
 [1.16438265e-11 5.49876360e+10 3.08947844e+10]
 [1.16456971e-11 5.49133937e+10 3.09552312e+10]
 [1.42396195e-13 2.17521708e+12 4.84744248e+12]
 [5.47081352e-14 6.09026195e+12 1.21885552e+13]
 [9.28294631e-15 3.61188392e+13 7.16055801e+13]
 [4.34454560e-13 8.80042531e+11 1.42169416e+12]
 [1.26625064e-12 3.85346711e+11 4.04386352e+11]
 [5.82690567e-15 5.75932324e+13 1.14024442e+14]
 [2.17735260e-14 1.63446610e+13 2.95826730e+13]]

MAPPING
[[7, 0], [0, 1], [5, 2], [(12, 1), (3, 4)], [(6, 2), (5, 6)], [(5, 6), (7, 8)], [(7, 4), (9, 10)], [(2, 5), (11, 12)], [(5, 6), (13, 14)]]

AFTER CROSSOVER
[[-1.04314305e-01 -1.18306403e-13 -4.01347663e-14  9.80910425e-12
  -3.71648023e-11 -8.10851737e-17  3.26995139e-16  5.12121570e-06
  -1.14963791e-06 -1.71642721e-09  4.30629758e-10]
 [-1.04368805e-01 -1.18340693e-13 -4.01347246e-14  9.81077350e-12
  -3.71426912e-11 -8.10810373e-17  3.27033378e-16  5.12048799e-06
  -1.14922217e-06 -1.71709431e-09  4.30482250e-10]
 [-1.04440718e-01 -1.18385938e-13 -4.01346695e-14  9.81297609e-12
  -3.71135154e-11 -8.10755792e-17  3.27083835e-16  5.11952776e-06
  -1.14867360e-06 -1.71797456e-09  4.30287610e-10]
 [-1.03496251e-01 -1.19679422e-13 -4.03801373e-14  9.89081298e-12
  -3.65936837e-11 -7.97272097e-17  3.30294758e-16  5.12660553e-06
  -1.14934039e-06 -1.73245188e-09  4.32352206e-10]
 [-1.19554378e-01 -9.77377260e-14 -3.62131658e-14  8.57026317e-12
  -4.54078555e-11 -1.02614608e-16  2.75805301e-16  5.00611876e-06
  -1.13782845e-06 -1.48700083e-09  3.97236106e-10]
 [-1.04503038e-01 -1.18425148e-13 -4.01346218e-14  9.81488486e-12
  -3.70882317e-11 -8.10708492e-17  3.27127560e-16  5.11869562e-06
  -1.14819821e-06 -1.71873738e-09  4.30118935e-10]
 [-1.04504982e-01 -1.18426372e-13 -4.01346203e-14  9.81494441e-12
  -3.70874428e-11 -8.10707016e-17  3.27128924e-16  5.11866966e-06
  -1.14818338e-06 -1.71876118e-09  4.30113673e-10]
 [-1.04498443e-01 -1.18422257e-13 -4.01346253e-14  9.81474412e-12
  -3.70900960e-11 -8.10711980e-17  3.27124336e-16  5.11875698e-06
  -1.14823326e-06 -1.71868113e-09  4.30131373e-10]
 [-1.04447030e-01 -1.18389910e-13 -4.01346647e-14  9.81316942e-12
  -3.71109545e-11 -8.10751001e-17  3.27088263e-16  5.11944347e-06
  -1.14862545e-06 -1.71805182e-09  4.30270525e-10]
 [-1.20802541e-01 -8.16578744e-14 -4.69971665e-14  7.23743263e-12
  -5.09318826e-11 -8.97393305e-17  2.34595666e-16  5.10878360e-06
  -1.04087321e-06 -1.25962804e-09  3.82809716e-10]
 [-1.01757132e-01 -1.23990250e-13 -3.90704715e-14  1.02079467e-11
  -3.50296555e-11 -7.97429941e-17  3.41325443e-16  5.12314380e-06
  -1.16650631e-06 -1.78727254e-09  4.38046204e-10]
 [-1.04439415e-01 -1.18385119e-13 -4.01346705e-14  9.81293620e-12
  -3.71140438e-11 -8.10756780e-17  3.27082921e-16  5.11954515e-06
  -1.14868354e-06 -1.71795862e-09  4.30291135e-10]
 [-1.04504568e-01 -1.18426111e-13 -4.01346206e-14  9.81493172e-12
  -3.70876110e-11 -8.10707331e-17  3.27128634e-16  5.11867519e-06
  -1.14818654e-06 -1.71875611e-09  4.30114794e-10]
 [-1.04500573e-01 -1.18423598e-13 -4.01346237e-14  9.81480937e-12
  -3.70892316e-11 -8.10710363e-17  3.27125831e-16  5.11872853e-06
  -1.14821701e-06 -1.71870721e-09  4.30125606e-10]
 [-1.04444899e-01 -1.18388569e-13 -4.01346663e-14  9.81310417e-12
  -3.71118189e-11 -8.10752618e-17  3.27086769e-16  5.11947192e-06
  -1.14864170e-06 -1.71802574e-09  4.30276292e-10]]

AFTER MUTATION
[[-1.04314305e-01 -1.18306403e-13 -4.01347663e-14  9.80910425e-12
  -3.71648023e-11 -8.10851737e-17  3.26995139e-16  5.12121570e-06
  -1.14963791e-06 -1.71642721e-09  4.30629758e-10]
 [-1.04368805e-01 -1.18340693e-13 -4.01347246e-14  9.81077350e-12
  -3.71426912e-11 -8.10810373e-17  3.27033378e-16  5.12048799e-06
  -1.14922217e-06 -1.71709431e-09  4.30482250e-10]
 [-1.04440718e-01 -1.18385938e-13 -4.01346695e-14  9.81297609e-12
  -3.71135154e-11 -8.10755792e-17  3.27083835e-16  5.11952776e-06
  -1.14867360e-06 -1.71797456e-09  4.30287610e-10]
 [-1.03496251e-01 -1.19679422e-13 -4.03801373e-14  9.89081298e-12
  -3.65936837e-11 -7.97272097e-17  3.30294758e-16  5.12660553e-06
  -1.14934039e-06 -1.73245188e-09  4.32352206e-10]
 [-1.19554378e-01 -9.77377260e-14 -3.62131658e-14  8.57026317e-12
  -4.54078555e-11 -1.02614608e-16  2.75805301e-16  5.00611876e-06
  -1.13782845e-06 -1.48700083e-09  3.97236106e-10]
 [-1.04503038e-01 -1.18425148e-13 -4.01346218e-14  9.81488486e-12
  -3.70882317e-11 -8.10708492e-17  3.27127560e-16  5.11869562e-06
  -1.14819821e-06 -1.71873738e-09  4.30118935e-10]
 [-1.34633597e-01 -1.10993583e-13 -4.68716798e-14  1.00752558e-11
  -3.71324030e-11 -1.00231513e-16  4.20925899e-16  6.18726569e-06
  -1.40979755e-06 -1.65948784e-09  5.06087998e-10]
 [-1.04498443e-01 -1.18422257e-13 -4.01346253e-14  9.81474412e-12
  -3.70900960e-11 -8.10711980e-17  3.27124336e-16  5.11875698e-06
  -1.14823326e-06 -1.71868113e-09  4.30131373e-10]
 [-1.04447030e-01 -1.18389910e-13 -4.01346647e-14  9.81316942e-12
  -3.71109545e-11 -8.10751001e-17  3.27088263e-16  5.11944347e-06
  -1.14862545e-06 -1.71805182e-09  4.30270525e-10]
 [-1.20802541e-01 -8.16578744e-14 -4.69971665e-14  7.23743263e-12
  -5.09318826e-11 -8.97393305e-17  2.34595666e-16  5.10878360e-06
  -1.04087321e-06 -1.25962804e-09  3.82809716e-10]
 [-8.35802372e-02 -1.10979183e-13 -4.21448336e-14  8.72080490e-12
  -3.50847469e-11 -6.63596227e-17  4.55906629e-16  3.61174605e-06
  -1.17442577e-06 -1.37698580e-09  3.40423857e-10]
 [-1.04439415e-01 -1.18385119e-13 -4.01346705e-14  9.81293620e-12
  -3.71140438e-11 -8.10756780e-17  3.27082921e-16  5.11954515e-06
  -1.14868354e-06 -1.71795862e-09  4.30291135e-10]
 [-1.04504568e-01 -1.18426111e-13 -4.01346206e-14  9.81493172e-12
  -3.70876110e-11 -8.10707331e-17  3.27128634e-16  5.11867519e-06
  -1.14818654e-06 -1.71875611e-09  4.30114794e-10]
 [-1.13053194e-01 -8.72684442e-14 -2.98768268e-14  6.51239279e-12
  -2.83692410e-11 -9.69071139e-17  2.20044646e-16  5.68098042e-06
  -1.43928322e-06 -1.50678625e-09  4.97157064e-10]
 [-1.04444899e-01 -1.18388569e-13 -4.01346663e-14  9.81310417e-12
  -3.71118189e-11 -8.10752618e-17  3.27086769e-16  5.11947192e-06
  -1.14864170e-06 -1.71802574e-09  4.30276292e-10]]


GENERATION 4

INITIAL POPULATION
[[-1.04314305e-01 -1.18306403e-13 -4.01347663e-14  9.80910425e-12
  -3.71648023e-11 -8.10851737e-17  3.26995139e-16  5.12121570e-06
  -1.14963791e-06 -1.71642721e-09  4.30629758e-10]
 [-1.04368805e-01 -1.18340693e-13 -4.01347246e-14  9.81077350e-12
  -3.71426912e-11 -8.10810373e-17  3.27033378e-16  5.12048799e-06
  -1.14922217e-06 -1.71709431e-09  4.30482250e-10]
 [-1.04440718e-01 -1.18385938e-13 -4.01346695e-14  9.81297609e-12
  -3.71135154e-11 -8.10755792e-17  3.27083835e-16  5.11952776e-06
  -1.14867360e-06 -1.71797456e-09  4.30287610e-10]
 [-1.03496251e-01 -1.19679422e-13 -4.03801373e-14  9.89081298e-12
  -3.65936837e-11 -7.97272097e-17  3.30294758e-16  5.12660553e-06
  -1.14934039e-06 -1.73245188e-09  4.32352206e-10]
 [-1.19554378e-01 -9.77377260e-14 -3.62131658e-14  8.57026317e-12
  -4.54078555e-11 -1.02614608e-16  2.75805301e-16  5.00611876e-06
  -1.13782845e-06 -1.48700083e-09  3.97236106e-10]
 [-1.04503038e-01 -1.18425148e-13 -4.01346218e-14  9.81488486e-12
  -3.70882317e-11 -8.10708492e-17  3.27127560e-16  5.11869562e-06
  -1.14819821e-06 -1.71873738e-09  4.30118935e-10]
 [-1.34633597e-01 -1.10993583e-13 -4.68716798e-14  1.00752558e-11
  -3.71324030e-11 -1.00231513e-16  4.20925899e-16  6.18726569e-06
  -1.40979755e-06 -1.65948784e-09  5.06087998e-10]
 [-1.04498443e-01 -1.18422257e-13 -4.01346253e-14  9.81474412e-12
  -3.70900960e-11 -8.10711980e-17  3.27124336e-16  5.11875698e-06
  -1.14823326e-06 -1.71868113e-09  4.30131373e-10]
 [-1.04447030e-01 -1.18389910e-13 -4.01346647e-14  9.81316942e-12
  -3.71109545e-11 -8.10751001e-17  3.27088263e-16  5.11944347e-06
  -1.14862545e-06 -1.71805182e-09  4.30270525e-10]
 [-1.20802541e-01 -8.16578744e-14 -4.69971665e-14  7.23743263e-12
  -5.09318826e-11 -8.97393305e-17  2.34595666e-16  5.10878360e-06
  -1.04087321e-06 -1.25962804e-09  3.82809716e-10]
 [-8.35802372e-02 -1.10979183e-13 -4.21448336e-14  8.72080490e-12
  -3.50847469e-11 -6.63596227e-17  4.55906629e-16  3.61174605e-06
  -1.17442577e-06 -1.37698580e-09  3.40423857e-10]
 [-1.04439415e-01 -1.18385119e-13 -4.01346705e-14  9.81293620e-12
  -3.71140438e-11 -8.10756780e-17  3.27082921e-16  5.11954515e-06
  -1.14868354e-06 -1.71795862e-09  4.30291135e-10]
 [-1.04504568e-01 -1.18426111e-13 -4.01346206e-14  9.81493172e-12
  -3.70876110e-11 -8.10707331e-17  3.27128634e-16  5.11867519e-06
  -1.14818654e-06 -1.71875611e-09  4.30114794e-10]
 [-1.13053194e-01 -8.72684442e-14 -2.98768268e-14  6.51239279e-12
  -2.83692410e-11 -9.69071139e-17  2.20044646e-16  5.68098042e-06
  -1.43928322e-06 -1.50678625e-09  4.97157064e-10]
 [-1.04444899e-01 -1.18388569e-13 -4.01346663e-14  9.81310417e-12
  -3.71118189e-11 -8.10752618e-17  3.27086769e-16  5.11947192e-06
  -1.14864170e-06 -1.71802574e-09  4.30276292e-10]]

WEIGHTS
[[1.16456971e-11 5.49133937e+10 3.09552312e+10]
 [1.16453028e-11 5.49341797e+10 3.09373532e+10]
 [1.16446094e-11 5.49621708e+10 3.09144750e+10]
 [1.10258600e-11 5.10880367e+10 3.96078365e+10]
 [1.12542542e-12 4.25595096e+11 4.62957782e+11]
 [1.16438495e-11 5.49869466e+10 3.08953040e+10]
 [9.59085464e-13 4.49136615e+11 5.93523334e+11]
 [1.16439106e-11 5.49851033e+10 3.08966968e+10]
 [1.16445392e-11 5.49646583e+10 3.09125056e+10]
 [5.61905552e-12 6.31726441e+10 1.14793207e+11]
 [6.66514214e-14 5.54587876e+12 9.45755221e+12]
 [1.16446237e-11 5.49616581e+10 3.09148822e+10]
 [1.16438290e-11 5.49875608e+10 3.08948410e+10]
 [3.03635895e-13 1.28346800e+12 2.00995025e+12]
 [1.16445631e-11 5.49638181e+10 3.09131696e+10]]

MAPPING
[[0, 0], [1, 1], [11, 2], [(0, 12), (3, 4)], [(8, 4), (5, 6)], [(3, 8), (7, 8)], [(5, 3), (9, 10)], [(8, 2), (11, 12)], [(4, 1), (13, 14)]]

AFTER CROSSOVER
[[-1.04314305e-01 -1.18306403e-13 -4.01347663e-14  9.80910425e-12
  -3.71648023e-11 -8.10851737e-17  3.26995139e-16  5.12121570e-06
  -1.14963791e-06 -1.71642721e-09  4.30629758e-10]
 [-1.04368805e-01 -1.18340693e-13 -4.01347246e-14  9.81077350e-12
  -3.71426912e-11 -8.10810373e-17  3.27033378e-16  5.12048799e-06
  -1.14922217e-06 -1.71709431e-09  4.30482250e-10]
 [-1.04439415e-01 -1.18385119e-13 -4.01346705e-14  9.81293620e-12
  -3.71140438e-11 -8.10756780e-17  3.27082921e-16  5.11954515e-06
  -1.14868354e-06 -1.71795862e-09  4.30291135e-10]
 [-1.04521608e-01 -1.18436832e-13 -4.01346076e-14  9.81545363e-12
  -3.70806977e-11 -8.10694398e-17  3.27140589e-16  5.11844766e-06
  -1.14805655e-06 -1.71896468e-09  4.30068674e-10]
 [-1.04297265e-01 -1.18295682e-13 -4.01347793e-14  9.80858234e-12
  -3.71717155e-11 -8.10864670e-17  3.26983184e-16  5.12144323e-06
  -1.14976789e-06 -1.71621864e-09  4.30675879e-10]
 [-1.18581630e-01 -9.90675011e-14 -3.64656674e-14  8.65029276e-12
  -4.48736257e-11 -1.01227699e-16  2.79107364e-16  5.01341564e-06
  -1.13852366e-06 -1.50187799e-09  3.99363161e-10]
 [-1.05419778e-01 -1.17060135e-13 -3.98821630e-14  9.73313984e-12
  -3.76451843e-11 -8.24620091e-17  3.23786201e-16  5.11214660e-06
  -1.14793024e-06 -1.70317466e-09  4.28143470e-10]
 [-1.04646102e-01 -1.18119914e-13 -4.00832681e-14  9.79691259e-12
  -3.72192596e-11 -8.13573184e-17  3.26416895e-16  5.11794390e-06
  -1.14847576e-06 -1.71503677e-09  4.29834668e-10]
 [-1.03297179e-01 -1.19949418e-13 -4.04315339e-14  9.90706982e-12
  -3.64853787e-11 -7.94449913e-17  3.30966127e-16  5.12810511e-06
  -1.14949008e-06 -1.73546693e-09  4.32788064e-10]
 [-1.03295519e-01 -1.19929498e-13 -4.04290880e-14  9.90595147e-12
  -3.64950812e-11 -7.94593160e-17  3.30926231e-16  5.12818260e-06
  -1.14956811e-06 -1.73518627e-09  4.32797474e-10]
 [-1.04703770e-01 -1.18175072e-13 -4.00856711e-14  9.79974637e-12
  -3.71868342e-11 -8.13387429e-17  3.26496087e-16  5.11711855e-06
  -1.14797048e-06 -1.71600299e-09  4.29673667e-10]
 [-1.04439225e-01 -1.18384999e-13 -4.01346706e-14  9.81293036e-12
  -3.71141213e-11 -8.10756925e-17  3.27082787e-16  5.11954770e-06
  -1.14868499e-06 -1.71795628e-09  4.30291652e-10]
 [-1.04448523e-01 -1.18390849e-13 -4.01346635e-14  9.81321516e-12
  -3.71103487e-11 -8.10749868e-17  3.27089311e-16  5.11942353e-06
  -1.14861406e-06 -1.71807010e-09  4.30266484e-10]
 [-1.05952668e-01 -1.16191792e-13 -3.97257039e-14  9.68138761e-12
  -3.80047523e-11 -8.33270003e-17  3.21690262e-16  5.10855921e-06
  -1.14803380e-06 -1.69309544e-09  4.27014659e-10]
 [-1.17970515e-01 -9.98866265e-14 -3.66221864e-14  8.69964906e-12
  -4.45457944e-11 -1.00368645e-16  2.81148417e-16  5.01804753e-06
  -1.13901682e-06 -1.51099971e-09  4.00703696e-10]]

AFTER MUTATION
[[-1.04314305e-01 -1.18306403e-13 -4.01347663e-14  9.80910425e-12
  -3.71648023e-11 -8.10851737e-17  3.26995139e-16  5.12121570e-06
  -1.14963791e-06 -1.71642721e-09  4.30629758e-10]
 [-1.04368805e-01 -1.18340693e-13 -4.01347246e-14  9.81077350e-12
  -3.71426912e-11 -8.10810373e-17  3.27033378e-16  5.12048799e-06
  -1.14922217e-06 -1.71709431e-09  4.30482250e-10]
 [-1.04439415e-01 -1.18385119e-13 -4.01346705e-14  9.81293620e-12
  -3.71140438e-11 -8.10756780e-17  3.27082921e-16  5.11954515e-06
  -1.14868354e-06 -1.71795862e-09  4.30291135e-10]
 [-1.21488282e-01 -1.45504041e-13 -3.57953156e-14  7.23391401e-12
  -3.77971485e-11 -8.50731433e-17  2.61464504e-16  4.02812105e-06
  -8.45975499e-07 -1.76173693e-09  3.68146150e-10]
 [-9.84026641e-02 -1.10342454e-13 -4.35672738e-14  8.37984534e-12
  -5.00738014e-11 -9.71426896e-17  3.53538311e-16  6.08661852e-06
  -9.79240229e-07 -1.72338004e-09  4.63893617e-10]
 [-1.29201314e-01 -8.95149286e-14 -4.18274925e-14  6.92159936e-12
  -4.04613491e-11 -9.64353407e-17  2.70992512e-16  6.35883801e-06
  -7.66309066e-07 -1.51064186e-09  3.91099108e-10]
 [-1.05419778e-01 -1.17060135e-13 -3.98821630e-14  9.73313984e-12
  -3.76451843e-11 -8.24620091e-17  3.23786201e-16  5.11214660e-06
  -1.14793024e-06 -1.70317466e-09  4.28143470e-10]
 [-1.35474277e-01 -7.92553614e-14 -2.64191279e-14  8.02949439e-12
  -4.03021795e-11 -9.08783871e-17  2.19450788e-16  3.56646871e-06
  -1.11763758e-06 -1.78279777e-09  5.53026239e-10]
 [-1.03297179e-01 -1.19949418e-13 -4.04315339e-14  9.90706982e-12
  -3.64853787e-11 -7.94449913e-17  3.30966127e-16  5.12810511e-06
  -1.14949008e-06 -1.73546693e-09  4.32788064e-10]
 [-1.20259404e-01 -9.56161285e-14 -4.04069808e-14  9.39189711e-12
  -4.42686518e-11 -8.73719330e-17  2.18835256e-16  3.78833188e-06
  -9.02854229e-07 -1.48841226e-09  4.27160220e-10]
 [-8.26465207e-02 -1.09595542e-13 -4.23022421e-14  6.63402612e-12
  -3.38798249e-11 -7.72150573e-17  3.47654026e-16  5.37414310e-06
  -1.25100093e-06 -1.60051121e-09  3.22857809e-10]
 [-1.02550548e-01 -1.07260441e-13 -3.24876634e-14  9.63116915e-12
  -4.82526023e-11 -7.64435100e-17  3.03996763e-16  5.17956094e-06
  -8.89689110e-07 -2.12589308e-09  5.58296091e-10]
 [-1.04448523e-01 -1.18390849e-13 -4.01346635e-14  9.81321516e-12
  -3.71103487e-11 -8.10749868e-17  3.27089311e-16  5.11942353e-06
  -1.14861406e-06 -1.71807010e-09  4.30266484e-10]
 [-1.04355399e-01 -1.49727540e-13 -3.60162521e-14  8.03729572e-12
  -4.19951520e-11 -9.11521844e-17  3.69453346e-16  6.43459320e-06
  -7.65032324e-07 -2.11050244e-09  3.64675873e-10]
 [-1.17970515e-01 -9.98866265e-14 -3.66221864e-14  8.69964906e-12
  -4.45457944e-11 -1.00368645e-16  2.81148417e-16  5.01804753e-06
  -1.13901682e-06 -1.51099971e-09  4.00703696e-10]]


GENERATION 5

INITIAL POPULATION
[[-1.04314305e-01 -1.18306403e-13 -4.01347663e-14  9.80910425e-12
  -3.71648023e-11 -8.10851737e-17  3.26995139e-16  5.12121570e-06
  -1.14963791e-06 -1.71642721e-09  4.30629758e-10]
 [-1.04368805e-01 -1.18340693e-13 -4.01347246e-14  9.81077350e-12
  -3.71426912e-11 -8.10810373e-17  3.27033378e-16  5.12048799e-06
  -1.14922217e-06 -1.71709431e-09  4.30482250e-10]
 [-1.04439415e-01 -1.18385119e-13 -4.01346705e-14  9.81293620e-12
  -3.71140438e-11 -8.10756780e-17  3.27082921e-16  5.11954515e-06
  -1.14868354e-06 -1.71795862e-09  4.30291135e-10]
 [-1.21488282e-01 -1.45504041e-13 -3.57953156e-14  7.23391401e-12
  -3.77971485e-11 -8.50731433e-17  2.61464504e-16  4.02812105e-06
  -8.45975499e-07 -1.76173693e-09  3.68146150e-10]
 [-9.84026641e-02 -1.10342454e-13 -4.35672738e-14  8.37984534e-12
  -5.00738014e-11 -9.71426896e-17  3.53538311e-16  6.08661852e-06
  -9.79240229e-07 -1.72338004e-09  4.63893617e-10]
 [-1.29201314e-01 -8.95149286e-14 -4.18274925e-14  6.92159936e-12
  -4.04613491e-11 -9.64353407e-17  2.70992512e-16  6.35883801e-06
  -7.66309066e-07 -1.51064186e-09  3.91099108e-10]
 [-1.05419778e-01 -1.17060135e-13 -3.98821630e-14  9.73313984e-12
  -3.76451843e-11 -8.24620091e-17  3.23786201e-16  5.11214660e-06
  -1.14793024e-06 -1.70317466e-09  4.28143470e-10]
 [-1.35474277e-01 -7.92553614e-14 -2.64191279e-14  8.02949439e-12
  -4.03021795e-11 -9.08783871e-17  2.19450788e-16  3.56646871e-06
  -1.11763758e-06 -1.78279777e-09  5.53026239e-10]
 [-1.03297179e-01 -1.19949418e-13 -4.04315339e-14  9.90706982e-12
  -3.64853787e-11 -7.94449913e-17  3.30966127e-16  5.12810511e-06
  -1.14949008e-06 -1.73546693e-09  4.32788064e-10]
 [-1.20259404e-01 -9.56161285e-14 -4.04069808e-14  9.39189711e-12
  -4.42686518e-11 -8.73719330e-17  2.18835256e-16  3.78833188e-06
  -9.02854229e-07 -1.48841226e-09  4.27160220e-10]
 [-8.26465207e-02 -1.09595542e-13 -4.23022421e-14  6.63402612e-12
  -3.38798249e-11 -7.72150573e-17  3.47654026e-16  5.37414310e-06
  -1.25100093e-06 -1.60051121e-09  3.22857809e-10]
 [-1.02550548e-01 -1.07260441e-13 -3.24876634e-14  9.63116915e-12
  -4.82526023e-11 -7.64435100e-17  3.03996763e-16  5.17956094e-06
  -8.89689110e-07 -2.12589308e-09  5.58296091e-10]
 [-1.04448523e-01 -1.18390849e-13 -4.01346635e-14  9.81321516e-12
  -3.71103487e-11 -8.10749868e-17  3.27089311e-16  5.11942353e-06
  -1.14861406e-06 -1.71807010e-09  4.30266484e-10]
 [-1.04355399e-01 -1.49727540e-13 -3.60162521e-14  8.03729572e-12
  -4.19951520e-11 -9.11521844e-17  3.69453346e-16  6.43459320e-06
  -7.65032324e-07 -2.11050244e-09  3.64675873e-10]
 [-1.17970515e-01 -9.98866265e-14 -3.66221864e-14  8.69964906e-12
  -4.45457944e-11 -1.00368645e-16  2.81148417e-16  5.01804753e-06
  -1.13901682e-06 -1.51099971e-09  4.00703696e-10]]

WEIGHTS
[[1.16456971e-11 5.49133937e+10 3.09552312e+10]
 [1.16453028e-11 5.49341797e+10 3.09373532e+10]
 [1.16446237e-11 5.49616581e+10 3.09148822e+10]
 [2.20617757e-13 1.41394437e+12 3.11878233e+12]
 [5.75973378e-14 5.53785968e+12 1.18240539e+13]
 [3.84978266e-14 8.30715451e+12 1.76683378e+13]
 [1.14044472e-11 6.13247252e+10 2.63603670e+10]
 [5.15955113e-14 6.34831795e+12 1.30332130e+13]
 [1.08078676e-11 5.05643185e+10 4.19608712e+10]
 [8.24790733e-14 3.87502108e+12 8.24926646e+12]
 [3.55044113e-14 1.02346128e+13 1.79309014e+13]
 [1.41693538e-14 2.34853047e+13 4.70895437e+13]
 [1.16445223e-11 5.49652475e+10 3.09120406e+10]
 [7.10315958e-14 4.42222098e+12 9.65602107e+12]
 [1.37441797e-12 3.59819166e+11 3.67761544e+11]]

MAPPING
[[0, 0], [1, 1], [2, 2], [(11, 1), (3, 4)], [(5, 9), (5, 6)], [(2, 9), (7, 8)], [(1, 9), (9, 10)], [(9, 5), (11, 12)], [(1, 5), (13, 14)]]

AFTER CROSSOVER
[[-1.04314305e-01 -1.18306403e-13 -4.01347663e-14  9.80910425e-12
  -3.71648023e-11 -8.10851737e-17  3.26995139e-16  5.12121570e-06
  -1.14963791e-06 -1.71642721e-09  4.30629758e-10]
 [-1.04368805e-01 -1.18340693e-13 -4.01347246e-14  9.81077350e-12
  -3.71426912e-11 -8.10810373e-17  3.27033378e-16  5.12048799e-06
  -1.14922217e-06 -1.71709431e-09  4.30482250e-10]
 [-1.04439415e-01 -1.18385119e-13 -4.01346705e-14  9.81293620e-12
  -3.71140438e-11 -8.10756780e-17  3.27082921e-16  5.11954515e-06
  -1.14868354e-06 -1.71795862e-09  4.30291135e-10]
 [-1.04137401e-01 -1.16930544e-13 -3.91615075e-14  9.78791583e-12
  -3.85566141e-11 -8.04908340e-17  3.24101582e-16  5.12800601e-06
  -1.11619223e-06 -1.76912082e-09  4.46748709e-10]
 [-1.02781952e-01 -1.08670589e-13 -3.34608804e-14  9.65402682e-12
  -4.68386794e-11 -7.70337133e-17  3.06928559e-16  5.17204291e-06
  -9.22719053e-07 -2.07386657e-09  5.42029632e-10]
 [-1.13462154e-01 -1.00253994e-13 -3.93271699e-14  1.12697094e-11
  -4.71627969e-11 -8.04823267e-17  1.79187591e-16  1.83434551e-06
  -1.00664989e-06 -1.47151428e-09  4.54572300e-10]
 [-1.35998564e-01 -8.48770632e-14 -4.29073035e-14  5.04378702e-12
  -3.75672041e-11 -1.03324947e-16  3.10640177e-16  8.31282438e-06
  -6.62513404e-07 -1.52753983e-09  3.63687029e-10]
 [-1.19195852e-01 -9.71468498e-14 -4.03886738e-14  9.42020287e-12
  -4.37876595e-11 -8.69486463e-17  2.26112566e-16  3.87782713e-06
  -9.19380923e-07 -1.50384427e-09  4.27370706e-10]
 [-1.05502967e-01 -1.16854398e-13 -4.01529775e-14  9.78463044e-12
  -3.75950362e-11 -8.14989648e-17  3.19805611e-16  5.03004990e-06
  -1.13215684e-06 -1.70252660e-09  4.30080649e-10]
 [-1.16303019e-01 -1.01274009e-13 -4.03391954e-14  9.49618745e-12
  -4.24944557e-11 -8.58056483e-17  2.45774037e-16  4.12000734e-06
  -9.64194037e-07 -1.54534870e-09  4.27987327e-10]
 [-1.08325189e-01 -1.12682812e-13 -4.02025099e-14  9.70648316e-12
  -3.89168874e-11 -8.26473220e-17  3.00094597e-16  4.78881253e-06
  -1.08788236e-06 -1.66015787e-09  4.29655142e-10]
 [-1.29238098e-01 -8.94898307e-14 -4.18333360e-14  6.91143754e-12
  -4.04456874e-11 -9.64726239e-17  2.71207066e-16  6.36941205e-06
  -7.65747374e-07 -1.51073330e-09  3.90950768e-10]
 [-1.20222620e-01 -9.56412264e-14 -4.04011374e-14  9.40205892e-12
  -4.42843136e-11 -8.73346497e-17  2.18620702e-16  3.77775785e-06
  -9.03415921e-07 -1.48832081e-09  4.27308561e-10]
 [-1.28580350e-01 -9.02357489e-14 -4.17851630e-14  6.99384637e-12
  -4.03783624e-11 -9.60513893e-17  2.72393876e-16  6.32787169e-06
  -7.75884234e-07 -1.51580443e-09  3.92083928e-10]
 [-1.04989769e-01 -1.17619872e-13 -4.01770541e-14  9.73852649e-12
  -3.72256780e-11 -8.14649887e-17  3.25632014e-16  5.15145431e-06
  -1.13964700e-06 -1.71193174e-09  4.29497430e-10]]

AFTER MUTATION
[[-1.04314305e-01 -1.18306403e-13 -4.01347663e-14  9.80910425e-12
  -3.71648023e-11 -8.10851737e-17  3.26995139e-16  5.12121570e-06
  -1.14963791e-06 -1.71642721e-09  4.30629758e-10]
 [-1.04368805e-01 -1.18340693e-13 -4.01347246e-14  9.81077350e-12
  -3.71426912e-11 -8.10810373e-17  3.27033378e-16  5.12048799e-06
  -1.14922217e-06 -1.71709431e-09  4.30482250e-10]
 [-1.04439415e-01 -1.18385119e-13 -4.01346705e-14  9.81293620e-12
  -3.71140438e-11 -8.10756780e-17  3.27082921e-16  5.11954515e-06
  -1.14868354e-06 -1.71795862e-09  4.30291135e-10]
 [-9.59637352e-02 -1.15983437e-13 -3.44202174e-14  9.14897484e-12
  -3.01736172e-11 -1.05167253e-16  2.57261763e-16  5.52666979e-06
  -1.27821154e-06 -1.81888006e-09  4.83308406e-10]
 [-8.36549213e-02 -8.67613465e-14 -3.31168787e-14  9.04450997e-12
  -3.64499936e-11 -6.39842982e-17  3.88726758e-16  5.62289866e-06
  -1.21872930e-06 -2.26285446e-09  6.58901846e-10]
 [-1.13462154e-01 -1.00253994e-13 -3.93271699e-14  1.12697094e-11
  -4.71627969e-11 -8.04823267e-17  1.79187591e-16  1.83434551e-06
  -1.00664989e-06 -1.47151428e-09  4.54572300e-10]
 [-1.74375577e-01 -1.07074473e-13 -3.96620370e-14  4.32172865e-12
  -3.69493308e-11 -1.06320992e-16  3.00725674e-16  6.35812953e-06
  -5.23163484e-07 -1.34191127e-09  3.87154042e-10]
 [-1.19195852e-01 -9.71468498e-14 -4.03886738e-14  9.42020287e-12
  -4.37876595e-11 -8.69486463e-17  2.26112566e-16  3.87782713e-06
  -9.19380923e-07 -1.50384427e-09  4.27370706e-10]
 [-1.11657325e-01 -1.18685391e-13 -4.65365040e-14  1.19139059e-11
  -3.04062651e-11 -8.99523501e-17  3.96895720e-16  5.15930009e-06
  -1.24046238e-06 -1.74362249e-09  4.33403189e-10]
 [-1.16303019e-01 -1.01274009e-13 -4.03391954e-14  9.49618745e-12
  -4.24944557e-11 -8.58056483e-17  2.45774037e-16  4.12000734e-06
  -9.64194037e-07 -1.54534870e-09  4.27987327e-10]
 [-1.38816924e-01 -1.01304728e-13 -3.03900635e-14  6.70590805e-12
  -4.89983955e-11 -6.19845049e-17  3.64071460e-16  3.97123396e-06
  -1.19463596e-06 -1.74416866e-09  4.34297265e-10]
 [-1.29238098e-01 -8.94898307e-14 -4.18333360e-14  6.91143754e-12
  -4.04456874e-11 -9.64726239e-17  2.71207066e-16  6.36941205e-06
  -7.65747374e-07 -1.51073330e-09  3.90950768e-10]
 [-1.03459377e-01 -7.43676256e-14 -3.43589130e-14  9.98679045e-12
  -5.00343952e-11 -8.60431707e-17  2.84046339e-16  3.11163216e-06
  -9.91626926e-07 -1.41482175e-09  2.97894454e-10]
 [-1.28580350e-01 -9.02357489e-14 -4.17851630e-14  6.99384637e-12
  -4.03783624e-11 -9.60513893e-17  2.72393876e-16  6.32787169e-06
  -7.75884234e-07 -1.51580443e-09  3.92083928e-10]
 [-1.04989769e-01 -1.17619872e-13 -4.01770541e-14  9.73852649e-12
  -3.72256780e-11 -8.14649887e-17  3.25632014e-16  5.15145431e-06
  -1.13964700e-06 -1.71193174e-09  4.29497430e-10]]